Mother	Father	Seed	PlantID	Sown	Germinated	Flowered	Blossom	Date	stage	ASD	GAD	GSDl	GSDc	GSDr	GW	GHl	GHr	SWl	SWc	SWr	SLl	SLc	SLr	UBL	UBW	LBL	LBW
1-1	1-1	a	1-1x1-1a	1	1	1	1	25.3.2021	1	2.22	4.90	4.29	5.41	4.65	5.15	2.16	2.35	1.89	1.94	1.94	6.74	7.01	7.00	23.60	21.68	26.02	25.79
1-1	1-1	a	1-1x1-1a	1	1	1	2	29.3.2021	1	3.26	6.22	6.51	5.97	5.03	7.13	3.07	2.91	2.18	2.01	1.99	8.83	8.16	8.06	25.54	25.49	26.43	25.87
1-1	1-1	b	1-1x1-1b	1	1	1	1	5.5.2021	1	2.51	5.97	6.31	6.52	5.70	6.94	2.81	2.93	2.15	2.27	2.14	8.37	8.38	8.16	31.04	28.44	31.55	30.69
1-1	1-1	b	1-1x1-1b	1	1	1	2	6.5.2021	1	2.83	6.12	6.33	7.45	6.03	8.09	3.36	3.22	2.56	2.84	2.57	8.99	8.92	8.81	24.95	25.37	24.96	25.29
1-1	1-1	c	1-1x1-1c	1	1	1	1	3.3.2021	2	2.54	5.60	4.97	5.36	4.77	5.67	2.66	2.48	1.64	1.82	1.64	7.38	6.83	6.84	23.17	25.06	26.33	28.89
1-1	1-1	c	1-1x1-1c	1	1	1	2	11.4.2021	1	2.97	5.96	6.45	6.96	6.21	7.14	2.78	2.90	2.10	2.35	2.09	9.58	9.53	9.77	29.88	29.30	32.58	29.89
1-1	1-2	b	1-1x1-2b	1	1	1	1	27.2.2021	1	1.73	5.73	5.47	6.28	5.24	6.30	2.73	2.11	2.31	2.23	2.10	7.43	7.35	7.49	21.75	22.01	24.45	25.01
1-1	1-2	b	1-1x1-2b	1	1	1	2	28.3.2021	1	1.07	6.50	6.57	7.23	7.50	7.29	3.17	3.41	2.49	2.29	2.28	9.53	9.16	9.71	24.32	24.28	25.46	26.02
1-1	1-2	c	1-1x1-2c	1	1	1	1	13.3.2021	1	1.29	5.17	6.43	6.28	6.88	6.27	2.74	2.77	1.87	1.69	1.87	8.73	8.78	8.72	19.15	24.35	23.53	25.19
1-1	1-2	c	1-1x1-2c	1	1	1	2	15.3.2021	1	0.66	4.84	7.92	9.54	7.81	7.14	3.05	2.84	2.01	1.99	1.97	10.12	9.94	9.83	25.11	24.82	26.49	27.88
1-1	1-3	a	1-1x1-3a	1	1	1	1	26.2.2021	1	1.58	5.77	6.36	7.66	6.50	7.42	3.25	3.32	2.69	2.77	2.87	9.11	9.00	9.33	30.01	31.01	31.72	35.83
1-1	1-3	a	1-1x1-3a	1	1	1	2	9.3.2021	1	3.02	3.94	5.01	5.02	4.74	6.39	3.01	2.66	1.86	1.96	1.61	7.17	7.01	7.00	23.81	23.73	24.23	27.34
1-1	1-3	c	1-1x1-3c	1	1	1	1	8.4.2021	3	2.90	5.89	6.22	6.46	6.12	7.61	2.75	2.91	2.61	2.60	2.53	9.25	9.15	9.43	27.72	28.55	30.14	29.92
1-1	1-3	c	1-1x1-3c	1	1	1	2	10.4.2021	1	2.58	6.05	5.99	6.92	6.73	8.72	3.52	3.76	2.10	2.43	2.21	9.56	9.48	9.77	25.88	26.24	27.18	28.39
1-1	1-4	a	1-1x1-4a	1	1	1	1	24.3.2021	2	2.48	5.26	4.83	5.18	4.78	7.55	3.07	3.15	2.30	2.37	2.24	7.62	7.55	7.59	27.04	28.01	28.96	32.52
1-1	1-4	a	1-1x1-4a	1	1	1	2	30.3.2021	1	2.23	5.02	5.40	6.36	5.85	6.60	2.80	2.72	2.24	2.24	2.17	8.32	7.75	8.07	25.21	26.35	28.14	29.59
1-1	1-4	c	1-1x1-4c	1	1	1	1	12.3.2021	1	2.12	5.03	4.84	6.58	5.53	7.49	3.28	2.84	2.25	2.07	2.11	8.00	8.32	8.14	19.09	21.93	21.82	24.91
1-1	1-4	c	1-1x1-4c	1	1	1	2	22.3.2021	1	4.25	6.61	4.97	5.66	5.43	7.68	3.42	3.72	2.36	2.34	2.31	8.57	8.72	7.75	27.70	27.40	28.13	31.63
1-2	1-1	a	1-2x1-1a	1	1	1	1	6.4.2021	1	0.10	5.75	7.34	8.26	7.52	6.80	2.13	2.51	1.99	2.00	1.99	10.16	9.38	9.92	30.56	30.25	34.13	36.71
1-2	1-1	a	1-2x1-1a	1	1	1	2	8.4.2021	2	1.42	6.04	6.79	8.48	6.93	8.51	3.34	3.36	2.26	2.52	2.37	10.31	9.86	10.08	24.84	26.39	23.82	24.78
1-2	1-1	b	1-2x1-1b	1	1	1	1	19.3.2021	1	0.91	5.74	6.18	7.73	6.53	7.93	3.61	3.49	2.28	2.13	2.18	10.57	9.87	10.16	22.34	25.03	25.65	23.42
1-2	1-1	b	1-2x1-1b	1	1	1	2	11.4.2021	1	2.09	6.07	7.48	8.39	6.56	8.51	3.73	3.64	2.34	2.52	2.10	10.71	10.00	10.55	22.19	22.86	21.45	22.65
1-2	1-2	a	1-2x1-2a	1	1	1	1	5.5.2021	3	1.91	6.12	7.00	8.90	7.85	7.95	3.22	3.47	2.64	2.61	2.63	10.96	10.68	11.23	22.98	26.05	26.14	27.96
1-2	1-2	a	1-2x1-2a	1	1	1	2	6.5.2021	1	0.65	4.86	5.77	8.10	6.67	6.80	2.89	3.04	2.53	2.47	2.43	9.85	9.90	10.26	22.50	25.91	22.86	25.63
1-2	1-2	b	1-2x1-2b	1	1	1	1	1.4.2021	1	0.56	5.76	7.40	6.86	7.40	7.99	3.06	3.27	1.82	2.01	1.92	9.96	10.07	10.03	22.13	24.25	21.40	22.54
1-2	1-2	b	1-2x1-2b	1	1	1	2	7.4.2021	1	1.14	5.50	7.80	8.69	8.40	7.01	3.17	3.06	1.93	1.93	1.69	10.11	10.18	10.18	26.41	25.57	26.69	28.86
1-2	1-3	b	1-2x1-3b	1	1	1	1	29.4.2021	3	2.83	5.54	6.94	8.81	6.82	7.90	3.26	3.26	2.07	2.08	1.91	9.23	9.04	8.78	27.52	30.16	29.93	32.91
1-2	1-3	b	1-2x1-3b	1	1	1	2	13.5.2021	1	2.07	6.02	6.98	7.39	6.94	7.88	3.20	3.09	1.98	2.03	1.96	8.62	8.78	8.77	24.76	25.76	26.90	28.63
1-2	1-3	c	1-2x1-3c	1	1	1	1	31.3.2021	1	0.82	6.85	7.83	7.50	8.22	8.76	3.44	3.77	2.30	1.91	2.17	11.43	10.79	11.20	30.07	29.57	30.33	32.11
1-2	1-3	c	1-2x1-3c	1	1	1	2	4.4.2021	2	1.31	7.51	8.19	9.04	8.13	9.25	3.94	4.07	2.29	2.43	2.44	11.43	10.99	11.32	29.47	30.12	30.48	33.56
1-2	1-4	a	1-2x1-4a	1	1	1	1	13.3.2021	1	1.54	6.16	7.52	7.14	7.64	7.61	3.30	3.24	2.02	1.88	2.03	9.02	8.81	9.06	24.08	27.58	25.84	31.86
1-2	1-4	a	1-2x1-4a	1	1	1	2	22.4.2021	1	2.56	5.11	7.12	7.69	7.56	7.55	2.71	2.78	2.06	2.00	2.18	9.44	9.16	9.05	24.43	25.24	29.75	31.34
1-2	1-4	c	1-2x1-4c	1	1	1	1	25.3.2021	3	0.48	5.92	7.00	7.67	6.84	7.95	3.16	3.32	2.67	2.48	2.72	9.77	9.24	10.19	25.12	27.51	28.21	30.49
1-2	1-4	c	1-2x1-4c	1	1	1	2	8.4.2021	1	1.99	5.66	6.56	7.05	6.62	8.13	3.45	3.48	2.29	2.63	2.32	9.74	9.15	9.43	24.20	25.91	24.86	28.07
1-3	1-1	a	1-3x1-1a	1	1	1	1	1.4.2021	1	1.65	6.74	7.62	7.71	7.16	6.38	2.97	2.85	2.37	2.72	2.68	9.11	8.70	9.26	33.01	31.45	33.06	36.68
1-3	1-1	a	1-3x1-1a	1	1	1	2	7.4.2021	1	0.21	5.76	6.73	7.83	6.71	7.73	2.82	2.73	2.57	2.62	2.61	9.78	9.70	9.79	31.36	30.34	30.46	32.62
1-3	1-1	b	1-3x1-1b	1	1	1	1	31.3.2021	1	1.68	5.74	6.75	7.07	5.84	6.90	3.17	3.26	2.16	2.03	2.04	8.41	8.35	8.28	23.03	22.96	24.91	24.82
1-3	1-1	b	1-3x1-1b	1	1	1	2	20.4.2021	2	3.88	6.11	5.45	7.00	5.71	8.09	3.54	3.70	2.23	2.32	2.34	8.08	8.04	8.28	27.21	26.48	26.73	27.13
1-3	1-2	a	1-3x1-2a	1	1	1	1	26.2.2021	1	2.47	6.25	5.94	7.15	6.00	6.79	3.00	2.51	2.47	2.33	2.17	8.45	8.01	7.66	23.42	23.81	26.62	25.81
1-3	1-2	a	1-3x1-2a	1	1	1	2	13.4.2021	1	2.11	5.30	6.54	7.58	6.86	7.18	2.25	2.35	1.89	2.11	1.85	8.63	8.61	8.49	24.31	24.68	24.40	24.13
1-3	1-2	c	1-3x1-2c	1	1	1	1	13.3.2021	1	0.00	6.15	7.11	7.59	7.05	6.99	3.35	3.31	2.28	2.29	2.19	9.75	9.44	9.49	22.14	24.74	24.48	28.00
1-3	1-2	c	1-3x1-2c	1	1	1	2	17.3.2021	2	1.41	5.38	6.46	6.40	5.93	7.40	2.55	2.95	2.22	2.05	2.23	9.50	9.06	8.63	18.26	20.90	19.51	21.10
1-3	1-3	a	1-3x1-3a	1	1	1	1	3.5.2021	1	1.50	5.77	6.11	6.86	6.07	6.70	2.83	2.93	1.97	2.06	1.99	8.43	8.45	8.45	25.06	24.93	25.90	30.12
1-3	1-3	a	1-3x1-3a	1	1	1	2	17.5.2021	2	2.28	6.41	5.62	6.05	5.48	6.59	2.20	2.57	1.62	1.54	1.62	6.77	6.88	6.68	25.69	27.34	26.50	32.65
1-3	1-3	c	1-3x1-3c	1	1	1	1	21.4.2021	1	1.41	6.03	6.27	7.33	6.18	8.28	3.21	3.29	2.41	2.55	2.46	9.55	9.29	9.46	23.22	24.41	24.49	26.19
1-3	1-3	c	1-3x1-3c	1	1	1	2	29.4.2021	2	0.59	6.31	7.64	7.37	7.53	7.74	2.80	3.21	2.29	2.54	2.45	10.07	9.57	9.93	28.18	29.86	30.46	34.86
1-3	1-4	a	1-3x1-4a	1	1	1	1	25.3.2021	1	1.82	5.08	5.39	6.43	4.44	6.66	3.26	3.18	2.04	2.36	2.14	8.37	7.91	7.75	26.66	29.11	27.31	33.67
1-3	1-4	a	1-3x1-4a	1	1	1	2	28.3.2021	1	1.62	5.90	5.51	6.24	5.65	7.22	3.13	3.11	2.34	2.07	2.31	8.73	8.17	8.69	28.05	29.38	29.78	34.39
1-3	1-4	c	1-3x1-4c	1	1	1	1	27.4.2021	1	2.58	4.93	5.39	7.64	7.22	6.88	2.16	2.19	1.67	2.15	2.05	8.40	8.68	8.96	28.76	29.95	31.99	35.18
1-3	1-4	c	1-3x1-4c	1	1	1	2	7.5.2021	1	3.93	5.54	5.09	5.20	5.34	7.00	2.69	2.98	2.06	2.19	1.87	7.41	7.20	7.22	23.06	26.30	25.42	29.46
1-4	1-1	a	1-4x1-1a	1	1	1	1	18.5.2021	1	2.08	6.47	7.42	7.84	7.22	7.86	2.71	3.06	2.18	2.67	2.36	9.18	9.13	9.24	27.74	31.38	28.66	35.73
1-4	1-1	a	1-4x1-1a	1	1	1	2	19.5.2021	1	3.40	6.54	5.88	7.25	5.95	8.55	3.38	3.54	2.42	2.75	2.71	8.65	8.38	9.16	25.35	25.66	24.30	26.98
1-4	1-1	c	1-4x1-1c	1	1	1	1	14.4.2021	3	4.01	5.55	5.73	6.74	6.16	8.58	3.50	3.58	2.21	2.40	1.93	8.58	8.34	8.06	22.97	25.31	26.09	28.13
1-4	1-1	c	1-4x1-1c	1	1	1	2	29.4.2021	1	2.77	6.37	6.71	7.33	6.72	8.07	3.29	3.39	2.40	2.47	2.41	9.35	8.96	9.11	24.85	25.60	25.80	27.72
1-4	1-2	a	1-4x1-2a	1	1	1	1	19.4.2021	1	1.08	5.80	6.31	8.34	7.51	8.53	3.15	3.15	2.73	2.75	2.48	10.26	10.05	9.92	24.47	26.57	24.73	28.38
1-4	1-2	a	1-4x1-2a	1	1	1	2	26.4.2021	1	1.11	5.77	7.38	8.54	7.24	7.75	3.08	3.13	2.30	2.33	2.32	9.44	9.55	9.70	26.03	27.61	27.60	29.84
1-4	1-2	c	1-4x1-2c	1	1	1	1	15.4.2021	1	1.78	6.31	7.22	6.86	7.02	8.64	3.39	3.53	1.94	2.03	2.03	9.46	9.77	9.89	25.67	26.88	26.53	29.35
1-4	1-2	c	1-4x1-2c	1	1	1	2	19.4.2021	1	0.46	6.01	7.64	7.88	7.35	8.21	2.98	3.06	2.09	2.15	1.83	9.34	9.52	9.42	24.91	26.41	25.27	27.88
1-4	1-3	b	1-4x1-3b	1	1	1	1	23.4.2021	1	3.04	6.19	5.77	6.17	5.38	9.65	3.94	3.96	2.68	2.68	2.98	9.45	8.61	9.04	27.37	29.36	28.07	32.52
1-4	1-3	b	1-4x1-3b	1	1	1	2	30.4.2021	1	1.65	6.19	6.25	8.42	6.73	7.90	3.04	3.15	2.20	2.29	2.18	9.25	9.07	9.35	33.22	36.20	35.63	42.64
1-4	1-3	c	1-4x1-3c	1	1	1	1	11.3.2021	1	1.61	6.38	6.24	6.53	5.92	8.22	3.91	3.51	2.03	2.38	2.22	8.33	8.58	8.22	23.85	25.69	27.14	30.39
1-4	1-3	c	1-4x1-3c	1	1	1	2	12.3.2021	1	2.96	5.66	4.87	6.11	5.15	6.53	3.38	3.03	1.64	1.81	1.87	6.57	6.60	6.72	18.31	22.54	21.93	25.11
1-4	1-4	b	1-4x1-4b	1	1	1	1	19.4.2021	1	3.71	6.32	5.38	6.94	6.37	9.30	3.59	3.87	2.28	2.42	2.36	8.23	8.26	8.44	27.58	31.44	29.35	33.75
1-4	1-4	b	1-4x1-4b	1	1	1	2	21.4.2021	1	3.75	4.78	6.24	6.27	5.64	8.85	3.33	3.07	2.08	2.23	2.09	8.29	7.71	8.10	22.31	23.24	24.70	26.12
1-4	1-4	c	1-4x1-4c	1	1	1	1	26.2.2021	1	5.35	7.34	3.94	4.31	5.08	7.83	3.18	3.17	2.53	2.89	2.50	6.80	6.73	6.76	27.93	27.56	28.56	32.87
1-4	1-4	c	1-4x1-4c	1	1	1	2	2.3.2021	3	3.16	5.04	4.85	5.79	4.86	7.06	2.47	2.84	2.12	2.04	2.19	6.43	6.58	6.65	21.76	25.64	22.87	26.74
2-1	2-1	a	2-1x2-1a	1	1	1	1	27.4.2021	1	2.10	6.68	6.08	6.27	5.26	7.61	2.98	3.05	2.42	2.55	2.17	8.84	8.16	8.34	24.66	25.87	26.50	29.39
2-1	2-1	a	2-1x2-1a	1	1	1	2	28.4.2021	1	2.62	6.72	5.98	6.86	6.61	7.62	3.17	3.46	2.60	2.54	2.61	8.63	8.51	8.56	28.69	29.96	31.66	33.67
2-1	2-1	b	2-1x2-1b	1	1	1	1	24.3.2021	2	2.58	5.60	6.92	7.81	6.17	7.79	3.48	3.53	2.47	2.29	2.48	9.39	9.19	9.44	26.06	26.58	26.83	30.09
2-1	2-1	b	2-1x2-1b	1	1	1	2	31.3.2021	2	4.02	5.99	6.11	6.94	6.48	8.50	3.50	3.75	2.40	2.58	3.09	9.37	9.47	9.93	31.47	31.45	33.71	35.60
2-1	2-1	c	2-1x2-1c	1	1	1	1	16.4.2021	1	1.09	6.14	5.97	6.90	6.24	7.73	2.98	3.04	2.67	2.64	2.70	8.55	8.57	8.61	31.84	32.64	31.66	38.52
2-1	2-1	c	2-1x2-1c	1	1	1	2	27.4.2021	1	1.79	6.13	5.99	6.74	5.88	8.30	3.15	3.35	2.50	2.57	2.66	8.18	7.93	8.39	26.12	28.07	27.52	30.15
2-1	2-2	a	2-1x2-2a	1	1	1	1	4.4.2021	2	1.70	5.73	5.20	7.00	5.23	7.26	2.57	2.87	1.99	2.10	2.10	7.19	7.32	7.28	26.94	28.21	27.27	28.27
2-1	2-2	a	2-1x2-2a	1	1	1	2	23.4.2021	1	2.05	5.39	5.58	6.74	5.82	6.67	2.57	2.86	2.10	2.21	1.89	7.96	7.66	7.86	27.97	28.19	27.49	32.52
2-1	2-2	c	2-1x2-2c	1	1	1	1	26.4.2021	1	3.14	5.62	5.98	5.84	5.53	7.77	3.55	3.07	1.95	2.05	2.12	7.89	7.68	8.22	26.75	26.46	26.71	27.06
2-1	2-2	c	2-1x2-2c	1	1	1	2	28.4.2021	1	2.63	6.08	7.27	7.54	6.86	7.81	3.15	3.27	2.31	2.40	2.17	9.62	9.22	9.49	29.91	28.73	30.01	30.76
2-1	2-3	a	2-1x2-3a	1	1	1	1	9.3.2021	1	3.50	4.26	5.15	5.17	4.48	7.08	3.30	3.26	2.35	1.87	2.62	7.92	7.24	7.55	24.51	27.52	27.56	31.69
2-1	2-3	a	2-1x2-3a	1	1	1	2	13.3.2021	1	1.26	5.66	5.85	6.53	6.19	5.93	2.36	2.42	2.20	2.10	2.15	7.62	7.92	7.88	23.45	24.42	24.65	27.11
2-1	2-3	b	2-1x2-3b	1	1	1	1	24.3.2021	3	2.22	6.14	7.13	7.46	6.73	8.52	3.52	3.56	2.67	2.69	2.69	9.04	8.74	9.64	25.97	26.77	26.88	26.64
2-1	2-3	b	2-1x2-3b	1	1	1	2	31.3.2021	1	1.43	7.37	7.24	8.08	8.69	9.04	3.92	3.87	2.43	2.68	2.46	9.64	9.75	10.03	30.79	33.18	31.83	34.23
2-1	2-4	a	2-1x2-4a	1	1	1	1	25.3.2021	1	2.18	7.23	6.85	7.20	7.76	7.42	3.38	3.42	2.24	2.28	2.46	9.95	9.82	9.95	27.11	25.56	30.08	30.23
2-1	2-4	a	2-1x2-4a	1	1	1	2	26.3.2021	1	2.52	6.26	6.44	8.06	6.11	7.94	3.56	3.38	2.32	2.28	2.33	10.29	10.27	10.52	24.87	25.01	29.65	29.34
2-1	2-4	c	2-1x2-4c	1	1	1	1	26.2.2021	1	2.84	7.15	6.30	7.40	5.90	7.48	3.47	3.56	2.38	2.22	2.25	8.16	8.12	8.24	25.26	24.22	28.55	27.12
2-1	2-4	c	2-1x2-4c	1	1	1	2	8.3.2021	1	0.86	5.15	5.52	6.14	5.16	7.21	3.31	3.09	1.84	1.98	1.71	8.89	8.47	8.87	21.05	21.17	24.49	24.00
2-2	2-1	a	2-2x2-1a	1	1	1	1	11.5.2021	1	2.78	6.45	6.03	7.21	5.63	8.20	3.06	3.39	2.38	2.45	2.57	8.65	8.46	8.69	27.77	29.62	27.18	31.72
2-2	2-1	a	2-2x2-1a	1	1	1	2	13.5.2021	1	3.39	6.87	6.20	7.05	6.77	7.40	3.10	3.31	2.39	2.56	2.51	9.18	9.06	9.64	30.56	30.44	31.76	35.74
2-2	2-1	b	2-2x2-1b	1	1	1	1	29.4.2021	1	2.17	6.13	5.91	8.38	6.07	8.16	2.83	2.98	2.56	2.95	2.47	9.57	9.13	9.23	26.95	27.33	29.15	31.52
2-2	2-1	b	2-2x2-1b	1	1	1	2	11.5.2021	2	2.79	6.93	8.13	8.53	6.64	8.72	3.08	2.45	2.89	2.87	2.82	9.94	9.51	9.75	28.04	32.16	29.54	38.41
2-2	2-2	a	2-2x2-2a	1	1	1	1	28.4.2021	1	3.00	6.56	7.07	7.99	7.30	9.16	2.77	2.96	2.48	2.51	2.69	9.37	9.28	9.75	36.37	34.99	37.87	42.52
2-2	2-2	a	2-2x2-2a	1	1	1	2	6.5.2021	1	2.30	7.32	7.27	8.17	7.71	8.76	3.06	3.09	2.51	2.37	2.41	9.34	9.27	9.48	30.09	30.09	29.91	31.49
2-2	2-3	a	2-2x2-3a	1	1	1	1	18.5.2021	1	2.12	7.05	7.22	8.13	7.27	7.93	2.63	2.83	2.34	2.95	2.47	9.15	9.23	9.32	30.39	31.51	31.78	37.58
2-2	2-3	a	2-2x2-3a	1	1	1	2	19.5.2021	1	2.42	7.08	7.85	7.21	7.28	7.57	2.71	2.88	2.55	2.72	2.62	9.13	8.84	8.96	28.47	28.61	28.95	31.70
2-2	2-3	b	2-2x2-3b	1	1	1	1	7.5.2021	2	2.23	8.12	8.46	9.29	8.54	8.83	2.89	3.01	2.61	2.56	2.66	9.16	9.49	9.32	27.61	30.82	28.85	33.91
2-2	2-3	b	2-2x2-3b	1	1	1	2	18.5.2021	1	2.45	7.67	10.18	10.41	9.86	9.11	3.03	3.07	2.71	2.68	2.67	10.41	10.15	10.45	31.81	35.87	33.41	40.03
2-2	2-4	a	2-2x2-4a	1	1	1	1	31.3.2021	1	1.28	7.90	7.45	NA	7.04	7.88	3.19	3.26	2.12	2.21	2.22	9.41	9.79	9.99	29.04	26.84	31.26	33.72
2-2	2-4	a	2-2x2-4a	1	1	1	2	15.4.2021	1	2.29	7.11	5.93	7.25	6.26	7.03	3.00	3.17	1.85	2.05	1.99	9.56	9.63	9.64	31.19	28.60	33.85	30.75
2-2	2-4	c	2-2x2-4c	1	1	1	1	16.4.2021	1	2.32	7.78	6.50	7.48	6.60	7.93	3.24	3.49	2.31	2.24	2.07	9.87	9.63	9.71	29.51	28.85	30.65	33.53
2-2	2-4	c	2-2x2-4c	1	1	1	2	28.4.2021	2	2.62	8.02	7.38	7.79	6.95	8.21	3.58	3.47	2.29	2.11	2.36	9.53	9.61	9.64	29.97	28.66	30.56	32.96
2-3	2-1	a	2-3x2-1a	1	1	1	1	25.3.2021	1	1.92	5.56	5.70	6.74	5.93	6.69	3.19	3.05	2.20	2.57	2.09	7.83	7.59	7.75	25.58	27.85	24.75	27.44
2-3	2-1	a	2-3x2-1a	1	1	1	2	30.3.2021	1	1.87	6.09	7.57	7.37	7.30	8.61	3.35	3.34	2.57	2.85	2.45	9.51	9.22	9.28	29.50	29.93	31.80	32.83
2-3	2-1	c	2-3x2-1c	1	1	1	1	26.3.2021	1	1.39	5.66	5.06	5.84	4.72	7.98	3.40	3.48	2.49	2.63	2.59	8.41	8.32	8.51	21.08	22.34	25.05	26.84
2-3	2-1	c	2-3x2-1c	1	1	1	2	16.4.2021	1	1.53	7.03	6.78	7.36	6.69	8.83	3.32	3.13	2.51	2.67	2.57	9.80	9.80	9.68	29.12	30.71	30.07	33.34
2-3	2-2	b	2-3x2-2b	1	1	1	1	1.4.2021	1	2.59	6.35	7.62	7.66	8.53	8.45	3.11	3.12	2.46	2.25	2.24	9.38	8.95	9.03	30.15	31.72	31.87	32.42
2-3	2-2	b	2-3x2-2b	1	1	1	2	3.5.2021	1	3.64	6.35	5.80	7.68	5.84	7.70	2.81	2.71	2.09	2.41	2.12	8.67	8.82	8.45	28.24	28.49	28.41	31.55
2-3	2-3	a	2-3x2-3a	1	1	1	1	14.3.2021	1	1.73	6.18	6.20	6.26	7.20	7.94	3.19	3.15	2.74	2.64	2.35	9.05	8.91	8.48	27.00	29.38	28.08	33.19
2-3	2-3	a	2-3x2-3a	1	1	1	2	17.5.2021	1	4.58	7.58	7.61	9.49	8.53	9.52	3.44	3.23	2.69	2.99	2.51	9.87	9.96	9.83	27.31	28.96	30.45	32.68
2-3	2-3	b	2-3x2-3b	1	1	1	1	22.4.2021	2	1.41	5.89	7.05	7.10	6.06	8.59	3.67	3.67	2.31	2.50	2.34	9.19	9.15	9.49	26.20	26.22	26.13	29.68
2-3	2-3	b	2-3x2-3b	1	1	1	2	22.4.2021	2	1.22	6.52	8.10	8.40	7.61	8.95	3.40	3.61	2.68	2.56	2.43	9.58	9.94	10.04	28.39	29.57	27.57	30.37
2-3	2-3	c	2-3x2-3c	1	1	1	1	19.4.2021	1	2.16	6.43	9.09	7.90	7.58	9.92	3.44	3.58	2.67	2.17	2.75	9.69	9.83	9.86	27.42	28.71	29.87	33.84
2-4	2-1	a	2-4x2-1a	1	1	1	1	3.3.2021	1	2.58	6.64	4.96	6.30	5.29	6.06	3.01	3.46	1.51	1.82	1.56	7.29	7.40	7.68	26.00	25.10	28.55	30.90
2-4	2-1	a	2-4x2-1a	1	1	1	2	8.3.2021	1	2.36	5.92	5.55	6.53	6.21	5.75	3.30	3.21	1.62	1.62	1.46	7.42	7.45	7.43	23.15	24.53	29.02	29.75
2-4	2-1	b	2-4x2-1b	1	1	1	1	14.3.2021	1	3.81	7.36	6.52	7.53	5.82	6.34	2.87	2.97	1.84	1.99	1.88	8.02	8.41	8.03	22.31	23.59	24.79	27.68
2-4	2-1	b	2-4x2-1b	1	1	1	2	26.3.2021	1	1.62	6.75	5.33	6.17	4.74	6.79	3.09	3.02	2.13	1.98	1.95	8.12	8.11	8.10	24.34	24.59	27.31	25.98
2-4	2-2	a	2-4x2-2a	1	1	1	1	1.4.2021	1	1.08	8.64	7.48	8.73	8.45	8.44	3.91	3.90	2.25	2.39	2.35	10.60	10.70	11.04	35.70	35.68	38.29	39.81
2-4	2-2	a	2-4x2-2a	1	1	1	2	20.4.2021	1	2.18	7.23	7.25	7.64	7.04	8.50	3.59	3.71	2.14	2.09	2.20	9.76	9.25	9.75	28.31	28.85	30.22	27.75
2-4	2-2	b	2-4x2-2b	1	1	1	1	3.3.2021	2	3.27	6.11	4.17	5.00	4.85	7.33	3.16	3.13	2.42	2.21	2.19	6.97	7.26	7.22	24.54	24.35	31.31	35.75
2-4	2-2	b	2-4x2-2b	1	1	1	2	1.4.2021	1	2.33	7.31	6.00	6.05	5.97	8.93	3.52	3.26	2.36	1.79	2.00	9.90	9.07	9.27	32.29	33.97	34.24	38.11
2-4	2-3	a	2-4x2-3a	1	1	1	1	3.3.2021	1	2.56	6.50	5.52	7.14	6.30	7.48	2.95	3.47	2.23	2.20	2.00	7.59	7.95	7.98	28.83	27.65	29.83	32.12
2-4	2-3	a	2-4x2-3a	1	1	1	2	9.3.2021	1	1.42	6.58	6.47	7.58	6.57	8.09	3.39	3.32	1.73	1.94	1.67	8.83	8.43	8.22	29.21	34.21	30.54	36.51
2-4	2-3	c	2-4x2-3c	1	1	1	1	9.3.2021	1	2.28	6.64	5.95	6.11	6.26	7.00	3.51	3.14	1.97	1.75	1.79	7.60	8.51	7.94	24.32	25.34	23.82	27.22
2-4	2-3	c	2-4x2-3c	1	1	1	2	23.3.2021	1	1.71	7.62	8.39	9.28	8.68	8.82	3.71	3.81	2.60	2.62	2.71	11.38	10.93	11.41	28.97	29.61	32.22	34.78
3-1	3-1	a	3-1x3-1a	1	1	1	1	28.3.2021	1	1.99	5.74	7.14	7.82	7.71	7.58	3.54	3.32	2.10	2.26	2.15	9.63	9.84	9.69	25.41	26.32	27.09	30.41
3-1	3-1	a	3-1x3-1a	1	1	1	2	30.3.2021	1	1.38	6.51	7.21	7.80	6.84	7.72	3.71	3.43	2.48	2.30	2.33	10.09	9.83	9.78	26.71	28.70	29.31	31.41
3-1	3-1	b	3-1x3-1b	1	1	1	1	20.3.2021	1	0.87	5.68	6.46	6.50	6.60	7.00	3.09	3.02	2.03	2.00	1.87	8.72	8.33	8.75	22.98	21.61	24.46	24.86
3-1	3-1	b	3-1x3-1b	1	1	1	2	28.3.2021	2	1.51	6.24	6.59	7.54	6.89	8.08	3.53	3.31	2.43	2.12	2.37	9.29	9.15	9.21	24.97	25.22	24.66	25.94
3-1	3-1	c	3-1x3-1c	1	1	1	1	19.4.2021	1	0.30	6.51	7.67	8.25	7.44	8.00	3.52	3.60	2.40	2.16	2.21	10.12	9.97	10.34	24.89	26.14	24.07	26.84
3-1	3-1	c	3-1x3-1c	1	1	1	2	27.4.2021	3	0.74	7.25	8.29	9.24	8.25	7.51	2.87	3.10	2.37	2.18	2.42	10.01	10.10	9.94	29.01	32.14	32.09	35.20
3-1	3-2	b	3-1x3-2b	1	1	1	1	1.4.2021	3	1.78	5.44	4.14	4.65	5.19	6.06	2.67	2.84	1.40	1.36	1.34	5.95	6.09	6.24	26.10	26.83	25.77	30.13
3-1	3-2	b	3-1x3-2b	1	1	1	2	12.4.2021	1	2.60	5.72	6.10	7.30	6.87	7.06	3.22	3.03	1.61	1.84	1.53	8.77	7.97	8.07	26.66	27.74	24.89	28.81
3-1	3-2	c	3-1x3-2c	1	1	1	1	6.4.2021	1	1.55	5.20	6.87	6.50	6.54	7.41	2.98	3.12	1.93	2.08	2.05	8.61	8.85	9.08	20.72	22.14	22.69	24.59
3-1	3-2	c	3-1x3-2c	1	1	1	2	21.4.2021	1	1.48	5.69	6.60	7.03	6.25	8.57	3.64	3.69	2.00	2.00	1.91	9.67	9.07	9.39	21.03	22.33	20.84	22.59
3-1	3-3	b	3-1x3-3b	1	1	1	1	5.3.2021	1	1.62	5.30	5.51	7.22	5.88	6.33	2.70	2.90	1.72	1.78	1.71	6.83	7.20	6.99	19.64	22.30	20.39	23.41
3-1	3-3	b	3-1x3-3b	1	1	1	2	8.3.2021	2	2.82	5.50	5.63	6.41	5.18	6.04	2.74	2.85	1.49	1.53	1.60	6.61	6.42	6.48	19.85	22.83	20.79	23.12
3-1	3-3	c	3-1x3-3c	1	1	1	1	28.3.2021	1	2.02	6.59	7.25	7.33	7.03	6.92	3.35	3.35	1.94	2.20	2.04	10.12	10.07	10.39	22.71	22.22	23.44	23.15
3-1	3-3	c	3-1x3-3c	1	1	1	2	29.3.2021	1	1.46	6.15	6.66	6.89	6.00	6.81	3.37	3.18	1.94	1.96	1.84	9.29	8.90	9.32	19.56	18.29	20.55	20.89
3-2	3-1	a	3-2x3-1a	1	1	1	1	27.2.2021	1	0.75	6.58	5.69	6.36	6.34	6.47	2.98	3.05	1.73	2.05	1.87	7.53	7.81	8.16	25.46	26.78	27.29	30.23
3-2	3-1	a	3-2x3-1a	1	1	1	2	8.3.2021	2	3.07	5.15	5.17	4.93	4.45	6.42	3.10	3.05	1.89	1.86	1.95	7.18	7.41	7.51	21.99	24.36	22.10	26.13
3-2	3-1	b	3-2x3-1b	1	1	1	1	24.3.2021	1	0.00	5.70	6.03	6.36	6.07	6.56	3.08	3.06	2.01	1.90	1.89	8.64	8.70	8.59	23.58	23.41	26.41	28.07
3-2	3-1	b	3-2x3-1b	1	1	1	2	25.3.2021	1	0.33	5.29	5.91	6.14	5.49	6.22	3.11	2.84	1.81	1.99	1.99	8.15	8.00	8.09	21.14	21.23	23.83	23.17
3-2	3-2	a	3-2x3-2a	1	1	1	1	6.4.2021	1	0.40	4.91	4.92	4.98	3.21	6.19	2.68	3.01	1.63	1.89	1.67	8.40	8.15	8.64	23.19	25.34	24.65	28.66
3-2	3-2	a	3-2x3-2a	1	1	1	2	9.4.2021	1	1.03	5.31	4.84	4.65	4.55	6.41	3.35	3.27	1.56	1.62	1.60	8.29	7.64	8.28	21.66	25.20	22.91	24.48
3-2	3-2	b	3-2x3-2b	1	1	1	1	10.4.2021	1	1.16	4.64	5.81	6.38	6.40	6.23	2.97	3.03	1.67	1.82	1.61	8.90	8.79	9.04	24.14	24.95	26.60	31.30
3-2	3-2	b	3-2x3-2b	1	1	1	2	10.4.2021	1	0.56	3.97	6.66	5.89	5.44	6.69	3.36	3.35	1.63	2.11	1.89	9.31	8.98	9.79	24.77	27.21	27.18	31.42
3-2	3-3	b	3-2x3-3b	1	1	1	1	28.3.2021	1	2.13	6.01	4.56	5.76	4.36	7.89	3.43	3.50	2.19	1.94	1.97	7.94	8.22	8.71	20.49	22.07	21.34	21.90
3-2	3-3	b	3-2x3-3b	1	1	1	2	28.3.2021	1	2.13	5.79	5.76	5.90	4.99	6.97	3.29	3.22	1.94	1.94	1.86	7.94	7.67	7.73	22.51	22.82	24.81	26.43
3-2	3-3	c	3-2x3-3c	1	1	1	1	31.3.2021	1	1.29	6.12	6.40	7.84	6.46	6.44	2.96	3.25	1.80	1.81	1.77	8.69	8.48	8.45	24.86	25.20	26.95	28.53
3-2	3-3	c	3-2x3-3c	1	1	1	2	14.4.2021	1	0.54	5.81	6.48	6.45	5.91	7.80	3.85	3.60	1.90	1.97	1.93	8.40	8.45	8.66	21.06	22.88	22.34	23.57
3-2	3-4	a	3-2x3-4a	1	1	1	1	26.2.2021	1	4.49	6.55	4.93	5.82	4.72	7.64	3.73	3.58	2.37	2.08	2.37	7.46	7.33	7.33	22.34	25.33	24.37	28.16
3-2	3-4	a	3-2x3-4a	1	1	1	2	23.4.2021	1	0.63	5.99	7.26	7.12	6.91	8.92	3.69	3.59	2.00	2.13	1.98	10.84	9.99	10.14	25.46	27.41	25.03	29.02
3-2	3-4	b	3-2x3-4b	1	1	1	1	26.2.2021	1	1.65	6.01	4.83	6.38	4.77	6.89	3.10	2.79	1.79	2.11	1.87	7.22	7.13	7.46	22.45	23.46	24.70	26.50
3-2	3-4	b	3-2x3-4b	1	1	1	2	5.3.2021	2	1.88	5.83	4.65	6.12	4.63	7.00	2.80	2.95	1.81	2.03	1.77	8.04	7.78	8.24	20.88	23.17	21.73	25.65
3-3	3-1	a	3-3x3-1a	1	1	1	1	23.4.2021	1	2.28	6.02	7.73	7.85	8.28	6.86	3.38	3.43	2.21	2.15	1.96	10.20	10.19	10.50	24.87	24.50	24.43	24.98
3-3	3-1	a	3-3x3-1a	1	1	1	2	26.3.2021	1	0.10	6.86	6.93	8.65	7.05	7.76	3.53	3.74	2.71	2.60	2.31	10.63	10.61	10.48	23.19	25.96	24.18	27.21
3-3	3-1	c	3-3x3-1c	1	1	1	1	19.4.2021	1	0.00	6.20	8.45	9.05	9.22	7.28	2.72	2.96	2.17	2.50	2.22	10.20	10.53	10.49	29.73	29.93	29.33	32.01
3-3	3-1	c	3-3x3-1c	1	1	1	2	27.4.2021	1	0.20	7.81	8.91	9.37	8.32	8.26	3.47	3.64	2.81	2.92	2.82	10.08	10.18	10.68	26.81	28.46	27.20	30.23
3-3	3-2	a	3-3x3-2a	1	1	1	1	10.4.2021	1	3.03	4.80	4.56	5.27	4.67	7.23	3.16	3.04	1.78	2.20	1.79	7.19	7.25	7.96	20.36	20.45	21.12	22.68
3-3	3-2	a	3-3x3-2a	1	1	1	2	14.4.2021	2	2.25	7.12	5.94	6.43	5.47	7.87	2.96	3.08	1.94	2.25	1.75	8.48	8.23	8.39	27.27	25.88	27.16	27.61
3-3	3-2	c	3-3x3-2c	1	1	1	1	6.4.2021	1	2.15	5.63	7.79	7.70	8.33	7.19	3.84	3.64	1.79	1.98	1.77	9.23	9.25	9.17	27.01	29.81	28.36	32.12
3-3	3-2	c	3-3x3-2c	1	1	1	2	16.4.2021	1	1.08	6.23	8.45	8.01	8.46	7.07	3.56	3.72	1.72	2.05	1.85	10.19	9.68	10.08	30.34	31.98	31.61	35.72
3-3	3-3	a	3-3x3-3a	1	1	1	1	7.5.2021	1	4.38	6.17	8.76	9.20	7.59	7.44	3.64	3.71	1.97	2.05	2.07	9.34	9.16	9.70	27.15	27.65	26.18	29.64
3-3	3-3	a	3-3x3-3a	1	1	1	2	18.5.2021	1	4.08	6.04	7.72	8.93	8.50	7.84	3.90	4.16	2.22	2.20	1.92	9.32	8.98	9.57	25.29	28.02	26.39	30.22
3-3	3-3	b	3-3x3-3b	1	1	1	1	20.4.2021	1	2.09	6.76	7.88	8.15	7.45	7.69	3.67	3.58	2.42	2.46	2.33	9.67	9.15	9.26	28.48	30.99	31.38	35.72
3-3	3-3	b	3-3x3-3b	1	1	1	2	18.5.2021	1	1.51	6.63	6.10	7.25	7.18	7.89	3.53	3.68	2.59	2.33	2.67	8.78	8.88	8.62	27.48	30.38	29.26	36.29
3-3	3-3	c	3-3x3-3c	1	1	1	1	14.4.2021	1	3.37	7.01	7.06	8.29	7.43	8.01	3.54	3.29	1.91	2.22	2.06	9.55	8.87	8.88	28.70	29.85	28.01	33.08
3-3	3-3	c	3-3x3-3c	1	1	1	2	28.4.2021	1	2.67	8.10	8.41	9.31	8.14	7.81	3.49	3.76	1.99	2.37	2.13	9.36	8.93	9.33	29.19	31.13	30.64	33.18
3-3	3-4	a	3-3x3-4a	1	1	1	1	12.4.2021	1	4.17	6.20	9.42	9.18	9.00	9.55	3.79	3.85	2.57	2.25	2.23	10.22	9.81	10.23	29.42	31.21	31.50	32.04
3-3	3-4	a	3-3x3-4a	1	1	1	2	26.4.2021	2	3.26	5.80	7.32	7.95	7.04	7.40	3.27	3.34	2.14	2.38	2.43	9.62	9.82	9.75	28.77	27.03	29.80	30.13
3-3	3-4	c	3-3x3-4c	1	1	1	1	27.2.2021	1	1.98	6.31	6.51	7.79	5.79	6.75	3.22	2.43	2.59	2.47	2.78	7.69	7.92	7.82	24.80	25.12	27.95	28.77
3-3	3-4	c	3-3x3-4c	1	1	1	2	27.2.2021	1	3.75	7.23	6.17	7.98	6.05	7.28	3.59	3.46	2.69	2.74	2.47	7.70	7.34	7.45	27.25	27.93	29.81	33.91
3-4	3-1	a	3-4x3-1a	1	1	1	1	7.4.2021	1	1.79	5.82	7.28	7.49	6.89	6.60	2.58	3.12	2.13	1.97	1.97	9.21	9.69	10.02	24.44	25.68	28.57	30.69
3-4	3-1	a	3-4x3-1a	1	1	1	2	1.6.2021	1	1.18	6.13	7.27	7.49	5.51	7.86	3.07	2.94	2.16	2.11	2.00	9.50	9.15	8.95	19.09	21.64	20.49	22.37
3-4	3-1	b	3-4x3-1b	1	1	1	1	13.3.2021	3	1.71	5.73	4.32	5.80	5.38	6.10	2.14	1.66	1.65	1.82	1.84	6.72	7.28	6.68	24.32	25.78	25.38	27.15
3-4	3-1	b	3-4x3-1b	1	1	1	2	31.3.2021	2	1.78	5.73	6.68	8.02	7.03	7.27	3.00	2.75	2.10	1.89	2.09	9.21	9.22	9.33	26.31	26.97	27.56	28.61
3-4	3-2	b	3-4x3-2b	1	1	1	1	9.3.2021	2	2.88	5.10	3.41	4.00	3.65	5.81	2.63	2.48	1.62	1.63	1.65	6.72	6.46	6.28	19.78	22.46	21.32	26.46
3-4	3-2	b	3-4x3-2b	1	1	1	2	28.3.2021	1	0.43	4.56	5.50	5.96	5.37	6.00	2.78	2.68	1.63	1.68	1.79	8.05	8.25	8.41	22.29	21.91	24.16	27.27
3-4	3-2	c	3-4x3-2c	1	1	1	1	30.3.2021	1	0.59	5.31	5.95	6.51	6.50	6.51	3.24	3.19	1.83	2.00	1.91	8.66	7.98	8.75	26.14	26.10	27.14	30.21
3-4	3-2	c	3-4x3-2c	1	1	1	2	30.3.2021	1	1.11	5.27	6.39	7.13	6.19	7.47	3.40	3.44	2.12	1.95	1.95	9.57	9.19	10.19	26.91	26.86	29.65	33.08
3-4	3-3	a	3-4x3-3a	1	1	1	1	5.3.2021	1	1.81	5.86	6.04	7.17	6.83	7.11	3.03	2.96	2.07	2.05	2.06	8.24	8.28	8.26	25.75	26.58	25.51	30.56
3-4	3-3	a	3-4x3-3a	1	1	1	2	9.3.2021	3	2.17	5.64	7.66	6.79	7.14	7.09	2.88	2.92	2.06	1.83	1.86	8.19	7.72	8.17	26.75	28.02	27.85	29.48
3-4	3-3	b	3-4x3-3b	1	1	1	1	30.3.2021	1	3.44	6.48	6.43	6.31	6.45	7.26	3.15	3.19	2.22	2.04	2.24	8.45	8.20	8.57	23.75	24.40	24.54	24.94
3-4	3-3	b	3-4x3-3b	1	1	1	2	9.4.2021	1	2.17	6.46	6.47	7.34	6.89	6.88	2.98	3.34	2.15	2.14	2.07	8.93	8.97	9.43	31.31	32.75	31.55	37.58
3-4	3-4	a	3-4x3-4a	1	1	1	1	20.5.2021	1	2.97	6.87	8.78	9.70	8.64	8.78	3.33	3.29	2.59	2.48	2.45	10.15	9.61	10.23	26.30	27.18	21.44	27.60
3-4	3-4	a	3-4x3-4a	1	1	1	2	20.5.2021	2	1.61	6.81	8.81	9.20	8.08	8.55	3.23	3.30	2.54	2.35	2.54	9.83	9.97	10.04	28.22	30.64	29.24	32.62
3-4	3-4	b	3-4x3-4b	1	1	1	1	2.3.2021	1	3.12	5.94	5.66	6.85	5.77	6.48	2.68	2.92	1.98	2.27	2.15	7.74	8.03	8.57	27.67	26.97	27.36	30.54
3-4	3-4	b	3-4x3-4b	1	1	1	2	11.4.2021	2	2.93	5.57	3.90	5.09	4.41	7.49	2.92	2.97	1.65	1.78	1.88	6.66	6.87	7.07	25.02	25.78	23.22	25.34
4-1	4-1	a	4-1x4-1a	1	1	1	1	13.5.2021	2	2.55	5.53	6.94	6.94	6.95	7.46	2.40	2.81	2.43	2.23	2.25	8.19	8.33	8.33	27.03	30.51	29.99	33.25
4-1	4-1	a	4-1x4-1a	1	1	1	2	13.5.2021	3	3.08	5.82	6.07	6.95	6.13	7.64	2.74	3.03	2.29	2.25	2.36	8.26	8.17	8.69	31.79	32.76	33.59	36.01
4-1	4-1	b	4-1x4-1b	1	1	1	1	7.4.2021	1	2.02	6.85	5.55	6.61	6.62	7.79	3.45	3.89	2.49	2.61	2.43	9.35	8.48	9.26	23.43	24.33	24.18	27.34
4-1	4-1	b	4-1x4-1b	1	1	1	2	19.4.2021	2	1.72	4.81	3.73	4.67	3.49	7.15	2.63	2.58	1.97	2.06	1.83	6.83	7.07	7.24	25.44	26.64	29.41	28.68
4-1	4-2	b	4-1x4-2b	1	1	1	1	7.5.2021	1	2.93	6.51	6.33	6.91	6.03	6.89	2.92	2.94	2.07	2.05	2.02	8.27	8.30	8.46	23.85	26.42	24.95	28.89
4-1	4-2	b	4-1x4-2b	1	1	1	2	17.5.2021	2	1.37	7.13	7.04	7.39	6.67	7.66	3.19	3.17	2.22	2.49	2.47	10.04	9.81	10.28	24.65	26.63	23.77	26.58
4-1	4-2	c	4-1x4-2c	1	1	1	1	27.2.2021	1	2.84	5.72	3.36	3.56	4.25	6.09	2.48	2.42	2.11	2.20	2.00	6.07	6.07	6.52	16.62	19.15	19.02	21.17
4-1	4-2	c	4-1x4-2c	1	1	1	2	5.5.2021	1	3.14	5.91	5.38	6.73	5.98	7.86	3.03	2.99	2.00	2.07	2.11	8.58	8.58	8.99	19.91	23.88	20.41	23.74
4-1	4-4	a	4-1x4-4a	1	1	1	1	15.3.2021	2	1.45	4.73	4.92	5.55	4.93	5.85	2.45	2.67	1.79	1.53	1.63	6.45	6.65	6.49	23.18	24.68	26.26	30.23
4-1	4-4	a	4-1x4-4a	1	1	1	2	19.3.2021	2	0.00	6.26	6.32	6.97	7.58	7.74	3.25	3.44	2.99	2.32	2.54	9.37	9.51	9.81	25.76	26.57	27.41	29.67
4-1	4-4	c	4-1x4-4c	1	1	1	1	17.3.2021	3	0.52	6.10	7.22	6.43	6.67	7.94	3.29	3.67	2.24	2.26	2.12	9.62	9.54	9.33	23.60	25.82	24.79	28.03
4-1	4-4	c	4-1x4-4c	1	1	1	2	20.4.2021	1	2.24	6.10	5.19	6.36	6.24	9.00	3.75	3.71	2.39	2.39	2.64	9.19	9.02	9.01	23.44	27.52	24.68	26.95
4-2	4-1	a	4-2x4-1a	1	1	1	1	23.4.2021	1	3.95	6.17	5.45	5.51	5.31	7.92	3.18	3.28	1.92	2.03	1.86	7.48	7.05	7.74	22.48	23.38	20.02	22.99
4-2	4-1	a	4-2x4-1a	1	1	1	2	5.5.2021	2	3.02	5.93	5.78	6.22	5.29	7.39	3.08	3.08	1.91	1.78	1.77	8.25	8.02	8.15	25.34	28.08	24.14	28.47
4-2	4-1	b	4-2x4-1b	1	1	1	1	27.2.2021	1	1.86	6.10	4.62	6.49	5.25	6.59	3.06	3.01	2.52	2.34	2.47	8.29	7.79	8.56	21.49	23.08	25.51	26.70
4-2	4-1	b	4-2x4-1b	1	1	1	2	9.3.2021	1	3.09	5.22	4.37	4.68	4.20	6.39	2.71	2.61	1.91	1.95	1.86	7.11	6.94	7.21	20.29	22.54	21.63	24.10
4-2	4-2	a	4-2x4-2a	1	1	1	1	13.5.2021	1	1.03	5.32	5.49	6.09	5.94	5.82	2.34	2.19	1.87	1.90	1.76	9.31	9.03	9.54	21.82	23.15	22.48	26.15
4-2	4-2	a	4-2x4-2a	1	1	1	2	27.5.2021	1	2.05	4.39	5.53	6.69	5.85	6.39	2.58	2.52	1.75	1.87	1.71	8.92	8.77	9.07	20.19	21.61	20.11	23.28
4-2	4-2	b	4-2x4-2b	1	1	1	1	21.5.2021	1	3.08	5.87	4.95	6.13	5.26	6.41	2.07	2.13	1.86	1.55	1.59	7.91	8.02	8.86	22.05	23.69	22.51	24.50
4-2	4-2	b	4-2x4-2b	1	1	1	2	24.5.2021	2	2.67	6.32	4.94	6.09	5.38	6.73	2.71	2.91	1.61	1.55	1.58	8.28	7.64	7.96	23.41	25.70	22.48	26.16
4-2	4-2	c	4-2x4-2c	1	1	1	1	4.4.2021	2	1.52	5.28	6.14	6.51	5.39	5.86	2.41	2.20	1.54	1.63	1.72	7.63	7.87	7.78	23.89	25.85	27.25	29.24
4-2	4-2	c	4-2x4-2c	1	1	1	2	11.4.2021	1	3.24	5.21	6.87	7.46	6.76	5.93	2.47	2.58	1.86	2.05	1.89	8.87	8.92	8.90	26.02	27.84	24.47	29.71
4-2	4-4	b	4-2x4-4b	1	1	1	1	8.3.2021	2	1.82	5.00	4.76	5.73	4.88	6.12	2.43	2.70	1.59	1.50	1.56	7.11	6.84	7.25	18.23	20.22	19.93	21.50
4-2	4-4	b	4-2x4-4b	1	1	1	2	7.4.2021	2	1.79	5.77	5.60	6.27	5.41	7.28	2.88	2.95	1.76	1.92	1.82	8.25	7.73	8.22	20.03	21.02	19.84	20.69
4-2	4-4	c	4-2x4-4c	1	1	1	1	19.3.2021	1	2.04	5.05	4.72	4.90	4.45	5.86	2.43	2.33	1.72	1.70	1.83	7.28	7.07	7.41	22.91	22.95	23.91	26.59
4-2	4-4	c	4-2x4-4c	1	1	1	2	31.3.2021	1	1.84	5.11	5.96	7.13	5.90	6.31	2.85	3.04	2.21	1.99	2.14	9.39	8.98	8.95	23.58	24.61	27.74	29.77
4-4	4-1	b	4-4x4-1b	1	1	1	1	11.3.2021	3	2.29	5.53	4.07	5.55	4.49	6.05	2.71	2.73	1.76	1.76	1.74	6.15	6.65	6.17	21.57	23.63	23.47	25.69
4-4	4-1	b	4-4x4-1b	1	1	1	2	29.4.2021	1	2.33	7.19	7.46	7.11	6.32	8.77	3.38	3.28	2.14	2.55	2.31	8.94	8.66	8.95	29.81	30.91	29.74	33.27
4-4	4-1	c	4-4x4-1c	1	1	1	1	22.4.2021	1	2.24	5.85	6.53	7.35	6.64	9.35	3.56	3.58	2.52	2.52	2.50	8.99	8.99	9.21	27.18	30.37	27.79	29.91
4-4	4-1	c	4-4x4-1c	1	1	1	2	26.4.2021	1	1.68	5.59	5.74	6.76	6.09	8.23	3.31	3.27	2.32	2.56	2.20	8.53	8.30	8.59	24.89	26.64	26.23	29.86
4-4	4-2	a	4-4x4-2a	1	1	1	1	20.4.2021	1	0.00	6.42	7.91	7.51	7.66	7.26	3.32	3.30	2.35	2.37	2.31	10.53	10.33	10.60	27.71	30.73	28.83	34.78
4-4	4-2	a	4-4x4-2a	1	1	1	2	3.5.2021	1	1.66	6.28	7.58	8.42	7.76	7.23	2.96	2.68	2.42	2.36	2.36	10.84	10.73	11.05	26.95	30.62	29.75	32.78
4-4	4-2	c	4-4x4-2c	1	1	1	1	20.4.2021	2	3.74	6.15	4.84	5.55	4.69	8.11	3.55	3.61	1.98	2.16	1.91	7.67	7.90	7.60	19.06	22.23	20.12	23.34
4-4	4-2	c	4-4x4-2c	1	1	1	2	17.5.2021	1	1.92	5.70	6.52	7.63	6.92	6.47	2.79	2.78	1.89	1.81	1.89	9.11	8.93	8.95	25.25	27.68	27.39	32.00
4-4	4-4	b	4-4x4-4b	1	1	1	1	19.3.2021	1	1.01	5.01	6.72	7.43	6.18	7.34	3.47	3.20	2.18	2.09	2.01	9.13	9.16	9.12	25.14	25.96	25.27	28.09
4-4	4-4	b	4-4x4-4b	1	1	1	2	28.3.2021	1	0.86	5.96	6.65	7.54	6.07	7.41	3.47	3.52	2.18	2.21	2.18	9.40	8.86	8.89	26.41	26.10	28.75	30.56
4-4	4-4	c	4-4x4-4c	1	1	1	1	13.3.2021	1	0.89	4.01	5.32	5.88	6.12	5.76	2.52	2.64	1.64	1.72	1.41	6.75	6.58	6.82	22.96	26.07	25.10	29.67
4-4	4-4	c	4-4x4-4c	1	1	1	2	3.5.2021	1	1.61	4.95	5.22	5.46	4.86	7.22	2.33	2.74	1.60	2.06	1.62	6.98	6.40	6.86	19.45	21.71	18.83	22.32
5-1	5-1	b	5-1x5-1b	1	1	1	1	21.4.2021	1	4.35	7.71	7.20	7.64	6.64	7.88	4.14	3.92	2.05	2.01	2.03	8.82	8.78	8.77	29.31	25.56	27.89	24.68
5-1	5-1	b	5-1x5-1b	1	1	1	2	23.4.2021	1	3.75	6.19	5.77	7.26	5.71	6.81	3.51	3.41	1.86	1.82	1.78	8.28	8.16	8.09	27.57	22.82	28.54	24.14
5-1	5-1	c	5-1x5-1c	1	1	1	1	3.3.2021	1	2.67	6.72	5.55	5.25	5.26	6.47	3.06	3.33	1.93	2.11	2.21	6.53	6.62	6.74	22.87	23.87	23.90	23.65
5-1	5-1	c	5-1x5-1c	1	1	1	2	9.3.2021	1	2.23	7.04	5.11	6.07	5.20	6.34	3.32	3.08	1.59	1.77	1.65	6.75	6.57	6.64	22.20	23.39	23.52	23.02
5-1	5-2	a	5-1x5-2a	1	1	1	1	3.3.2021	1	2.30	5.77	3.92	4.23	3.00	6.18	2.90	2.73	1.76	1.64	1.82	6.36	6.81	6.85	18.94	20.27	20.50	20.87
5-1	5-2	a	5-1x5-2a	1	1	1	2	8.3.2021	1	2.74	6.20	4.63	4.49	4.08	6.23	2.85	2.79	1.85	1.74	1.71	6.95	6.99	6.90	22.97	23.76	25.56	27.13
5-1	5-2	b	5-1x5-2b	1	1	1	1	30.4.2021	1	0.73	6.08	6.06	7.01	7.22	7.48	3.42	3.50	2.26	2.34	2.10	9.83	9.49	9.85	27.07	26.99	26.44	27.35
5-1	5-2	b	5-1x5-2b	1	1	1	2	7.5.2021	1	2.35	6.14	7.03	7.06	5.40	7.98	3.38	3.47	2.37	2.34	2.30	9.77	9.37	9.16	25.41	26.80	24.26	27.42
5-1	5-3	a	5-1x5-3a	1	1	1	1	12.4.2021	3	1.67	5.65	6.60	7.03	7.16	6.26	2.84	3.32	1.72	1.71	1.92	8.70	8.73	8.81	26.72	24.96	29.31	27.17
5-1	5-3	a	5-1x5-3a	1	1	1	2	26.4.2021	1	1.59	6.35	7.86	7.74	7.74	7.60	3.67	3.83	2.07	1.97	1.89	9.91	9.76	10.20	24.65	22.90	23.63	24.43
5-1	5-3	b	5-1x5-3b	1	1	1	1	26.3.2021	1	1.83	5.92	7.92	8.77	8.22	7.25	3.27	3.41	1.99	2.05	1.97	9.86	9.70	10.35	26.60	25.16	28.26	27.88
5-1	5-3	b	5-1x5-3b	1	1	1	2	10.4.2021	2	2.22	6.34	7.62	8.64	7.68	8.02	3.87	3.83	1.98	2.00	1.79	10.36	9.67	9.98	22.70	23.47	22.36	22.52
5-1	5-4	a	5-1x5-4a	1	1	1	1	11.3.2021	1	2.65	6.38	7.21	8.25	6.99	6.54	2.84	2.93	1.40	1.45	1.32	8.73	8.72	8.73	23.37	22.82	22.90	24.78
5-1	5-4	a	5-1x5-4a	1	1	1	2	11.5.2021	1	3.13	6.78	7.16	8.19	8.54	7.25	3.02	2.79	1.60	1.50	1.60	9.12	9.01	9.25	26.33	26.01	25.98	29.64
5-1	5-4	b	5-1x5-4b	1	1	1	1	12.5.2021	2	2.35	7.31	8.15	9.76	8.54	8.06	3.48	3.45	2.08	2.16	2.24	10.51	9.97	10.00	23.48	24.78	23.95	24.08
5-1	5-4	b	5-1x5-4b	1	1	1	2	21.5.2021	1	3.16	6.29	8.02	8.95	8.14	7.86	3.66	3.81	2.04	2.12	1.94	9.89	9.77	9.79	25.98	25.55	25.34	26.85
5-2	5-1	b	5-2x5-1b	1	1	1	1	19.4.2021	1	3.24	7.31	7.32	7.72	7.54	9.04	4.21	4.22	2.18	2.28	2.22	11.06	10.54	10.99	27.40	28.30	26.40	27.39
5-2	5-1	b	5-2x5-1b	1	1	1	2	26.4.2021	1	0.26	6.56	7.40	7.55	7.93	7.50	3.33	3.57	1.66	1.85	1.96	9.77	9.48	9.83	28.95	26.21	29.96	30.14
5-2	5-1	c	5-2x5-1c	1	1	1	1	31.3.2021	1	1.59	6.28	6.28	7.35	6.44	7.48	3.86	3.84	1.87	2.15	2.07	9.22	8.93	9.28	32.10	29.82	32.18	32.31
5-2	5-1	c	5-2x5-1c	1	1	1	2	11.4.2021	1	1.88	5.37	5.97	7.31	6.00	6.23	2.88	2.81	1.44	1.51	1.50	7.50	7.78	7.60	27.26	26.13	28.41	27.80
5-2	5-2	a	5-2x5-2a	1	1	1	1	5.5.2021	1	2.19	7.58	4.44	6.58	5.33	9.21	4.03	3.92	2.69	2.69	2.82	9.85	9.87	10.71	29.96	32.08	28.36	32.84
5-2	5-2	a	5-2x5-2a	1	1	1	2	11.5.2021	1	2.77	7.25	5.02	6.17	5.22	9.23	3.82	3.96	2.91	2.77	2.86	10.11	9.95	10.42	31.14	32.29	32.13	34.79
5-2	5-2	b	5-2x5-2b	1	1	1	1	7.4.2021	1	0.73	6.68	4.52	7.24	4.37	8.89	4.43	4.24	2.82	3.01	2.91	10.64	10.09	10.89	24.66	26.28	25.88	28.80
5-2	5-2	b	5-2x5-2b	1	1	1	2	5.5.2021	1	2.83	7.17	5.14	5.82	5.17	9.24	3.91	4.04	2.84	2.70	2.59	10.94	9.79	10.50	28.17	32.45	28.31	31.17
5-2	5-2	c	5-2x5-2c	1	1	1	1	23.4.2021	1	0.00	6.28	4.93	8.25	4.52	8.28	3.77	3.73	2.84	2.89	3.00	11.00	10.68	11.02	30.69	31.02	32.31	33.74
5-2	5-2	c	5-2x5-2c	1	1	1	2	27.4.2021	1	1.03	5.90	3.91	5.52	4.66	9.25	3.99	3.90	2.96	2.82	2.92	10.80	10.31	10.59	31.23	33.88	32.04	34.43
5-2	5-3	a	5-2x5-3a	1	1	1	1	12.3.2021	1	1.56	6.23	5.16	6.12	5.58	7.00	3.41	3.44	1.84	1.75	1.96	7.94	8.60	8.33	21.33	22.03	22.44	26.67
5-2	5-3	a	5-2x5-3a	1	1	1	2	19.3.2021	1	0.10	4.22	5.32	5.24	5.03	6.01	2.81	2.81	1.63	1.66	1.62	8.64	8.50	8.81	25.10	25.60	25.53	30.84
5-2	5-3	c	5-2x5-3c	1	1	1	1	22.4.2021	1	2.37	7.28	5.26	6.12	4.35	8.07	3.23	3.29	1.94	1.93	1.91	9.30	8.90	9.03	20.46	20.80	22.38	21.75
5-2	5-3	c	5-2x5-3c	1	1	1	2	12.5.2021	2	3.06	7.67	5.57	5.83	4.28	7.61	3.59	3.58	1.94	1.97	1.87	9.56	9.91	9.61	24.74	25.42	25.19	26.58
5-2	5-4	b	5-2x5-4b	1	1	1	1	12.3.2021	3	1.81	6.63	5.80	6.54	5.46	6.57	2.77	1.89	1.55	1.39	1.55	7.37	7.59	7.66	24.68	29.35	24.44	30.31
5-2	5-4	b	5-2x5-4b	1	1	1	2	30.3.2021	3	1.99	7.13	5.90	6.39	5.45	7.67	3.56	3.45	1.88	1.73	1.87	8.66	8.28	8.36	29.68	31.51	29.93	34.31
5-3	5-1	a	5-3x5-1a	1	1	1	1	26.3.2021	1	1.87	5.94	7.08	7.51	6.67	7.60	3.55	3.34	1.83	2.06	1.73	10.27	9.75	10.21	25.07	22.05	26.27	26.06
5-3	5-1	a	5-3x5-1a	1	1	1	2	30.3.2021	1	2.66	5.71	6.62	8.80	6.13	7.55	3.91	3.96	2.04	1.88	1.93	10.16	10.18	10.41	24.16	22.10	24.33	22.45
5-3	5-1	c	5-3x5-1c	1	1	1	1	26.2.2021	1	2.04	5.84	5.96	7.17	6.08	5.85	3.04	2.84	1.89	2.13	1.85	8.21	8.00	8.11	24.34	25.62	26.49	26.53
5-3	5-1	c	5-3x5-1c	1	1	1	2	26.2.2021	1	1.99	5.86	6.22	7.16	6.17	6.98	3.08	3.33	2.38	2.05	2.01	8.33	8.56	8.67	23.18	24.86	23.68	26.30
5-3	5-2	a	5-3x5-2a	1	1	1	1	4.4.2021	2	2.16	5.54	5.62	6.89	6.02	7.50	3.56	3.91	1.88	1.99	2.10	8.26	8.43	8.73	24.26	25.27	25.44	27.15
5-3	5-2	a	5-3x5-2a	1	1	1	2	10.4.2021	1	0.87	5.67	5.56	5.93	5.63	6.69	2.82	2.99	1.89	1.78	1.63	8.01	7.32	7.34	23.95	23.10	25.20	27.35
5-3	5-2	c	5-3x5-2c	1	1	1	1	2.3.2021	1	1.56	3.91	4.84	5.66	5.29	7.49	3.06	2.93	2.21	1.95	2.06	8.26	8.28	8.81	20.79	23.45	22.18	24.85
5-3	5-2	c	5-3x5-2c	1	1	1	2	11.3.2021	1	0.00	6.47	6.33	7.26	6.12	6.70	3.40	3.13	1.83	1.78	1.90	8.73	9.31	9.04	21.71	27.09	25.24	28.15
5-3	5-3	a	5-3x5-3a	1	1	1	1	6.4.2021	1	1.77	5.50	4.90	6.32	5.55	8.27	3.60	3.52	2.15	2.22	2.04	9.71	9.49	9.73	20.13	22.76	19.48	21.38
5-3	5-3	a	5-3x5-3a	1	1	1	2	11.4.2021	2	0.00	5.42	7.03	6.64	7.03	5.74	2.67	2.83	1.74	1.78	1.81	8.98	9.30	9.48	25.04	27.55	26.58	29.84
5-3	5-3	b	5-3x5-3b	1	1	1	1	5.3.2021	2	1.73	5.57	4.77	5.91	4.58	6.80	2.27	2.59	1.74	1.97	1.79	7.12	7.51	7.15	23.41	24.74	24.58	27.25
5-3	5-3	b	5-3x5-3b	1	1	1	2	8.3.2021	1	1.36	6.11	4.14	6.38	5.24	6.97	3.17	3.43	1.67	1.63	1.67	7.93	7.67	8.14	20.54	21.25	22.51	23.71
5-3	5-3	c	5-3x5-3c	1	1	1	1	9.4.2021	1	1.44	6.52	5.90	5.90	5.53	6.78	3.17	3.22	1.70	1.90	1.59	8.24	8.71	8.60	21.93	22.54	23.53	25.07
5-3	5-3	c	5-3x5-3c	1	1	1	2	14.4.2021	1	0.99	6.00	5.90	6.25	4.39	7.34	3.20	3.27	1.70	1.87	1.64	9.37	8.69	9.22	19.80	21.07	20.60	22.17
5-3	5-4	a	5-3x5-4a	1	1	1	1	24.3.2021	1	0.78	5.66	7.08	7.91	6.58	6.04	2.62	2.73	1.54	1.67	1.62	8.62	7.83	8.55	25.20	28.07	31.06	34.22
5-3	5-4	a	5-3x5-4a	1	1	1	2	9.4.2021	1	0.89	5.43	6.21	6.23	6.08	7.18	2.88	2.88	1.59	1.58	1.54	9.09	8.85	9.07	21.62	20.77	22.26	22.64
5-3	5-4	b	5-3x5-4b	1	1	1	1	14.4.2021	2	0.22	5.84	5.98	6.54	6.17	6.68	2.39	2.26	1.64	1.88	1.57	8.59	8.49	8.74	20.08	19.79	21.67	22.19
5-3	5-4	b	5-3x5-4b	1	1	1	2	21.4.2021	2	1.82	5.48	5.31	6.45	5.87	6.29	2.75	2.58	1.55	1.71	1.55	7.75	7.73	8.57	22.08	20.93	22.12	22.41
5-4	5-1	a	5-4x5-1a	1	1	1	1	17.3.2021	1	0.30	6.00	6.79	8.04	6.85	6.64	2.75	2.98	1.80	1.78	1.93	9.98	9.52	9.97	20.88	21.21	21.94	21.97
5-4	5-1	a	5-4x5-1a	1	1	1	2	24.3.2021	1	0.76	5.57	7.07	7.54	7.20	5.82	2.64	2.54	1.55	1.33	1.44	8.78	8.33	8.99	29.12	27.50	30.49	29.38
5-4	5-1	c	5-4x5-1c	1	1	1	1	26.2.2021	1	1.47	6.46	6.81	7.49	7.22	6.29	2.60	3.37	2.03	1.87	1.71	9.36	8.78	9.51	25.83	23.92	28.09	26.12
5-4	5-1	c	5-4x5-1c	1	1	1	2	26.2.2021	1	1.55	6.22	6.11	7.47	5.85	6.42	2.98	3.08	1.39	1.56	1.40	8.08	8.44	8.04	24.16	22.31	26.93	24.40
5-4	5-2	a	5-4x5-2a	1	1	1	1	30.3.2021	1	1.47	6.53	7.91	7.51	6.56	8.42	3.31	3.45	2.21	2.00	2.23	10.80	10.84	10.76	25.92	28.39	27.55	29.81
5-4	5-2	a	5-4x5-2a	1	1	1	2	12.4.2021	3	0.35	7.34	7.28	7.96	7.00	8.07	3.71	3.32	1.90	2.00	1.93	10.88	10.87	10.78	33.52	33.03	34.87	39.13
5-4	5-2	b	5-4x5-2b	1	1	1	1	5.3.2021	2	1.20	4.05	5.44	6.16	5.39	7.24	3.11	3.01	2.51	2.18	2.45	7.94	7.43	7.71	22.35	25.93	26.80	28.16
5-4	5-2	b	5-4x5-2b	1	1	1	2	14.4.2021	3	0.00	7.01	6.93	8.76	7.25	8.50	3.60	3.56	2.03	2.15	2.12	10.57	10.18	10.87	25.06	28.15	26.14	29.55
5-4	5-3	b	5-4x5-3b	1	1	1	1	3.3.2021	1	0.35	4.59	4.88	5.02	4.76	5.47	1.67	2.60	1.47	1.62	1.43	6.89	6.78	6.86	20.53	20.57	20.75	23.02
5-4	5-3	b	5-4x5-3b	1	1	1	2	30.3.2021	1	0.10	6.13	6.68	7.30	6.96	6.91	3.15	3.13	1.72	1.59	1.86	9.17	8.95	9.36	22.73	24.60	26.20	29.16
5-4	5-3	c	5-4x5-3c	1	1	1	1	2.3.2021	1	1.35	5.50	5.19	5.59	5.07	5.70	2.48	1.99	1.71	1.80	1.76	6.58	6.59	6.66	21.03	23.24	23.47	24.69
5-4	5-3	c	5-4x5-3c	1	1	1	2	8.4.2021	1	1.26	5.78	6.54	7.16	6.42	7.06	2.90	2.74	1.65	1.69	1.69	9.99	9.56	9.46	24.04	26.51	24.15	28.08
5-4	5-4	a	5-4x5-4a	1	1	1	1	11.5.2021	2	3.42	5.24	6.27	7.28	7.60	7.29	2.44	2.62	1.87	1.75	1.88	8.12	8.83	8.98	20.04	20.84	17.90	21.59
5-4	5-4	a	5-4x5-4a	1	1	1	2	19.5.2021	2	1.54	6.42	6.34	7.48	5.78	8.69	3.22	3.07	2.14	2.23	2.11	10.46	9.99	10.59	23.88	26.21	23.79	26.84
6-1	6-1	b	6-1x6-1b	1	1	1	1	11.4.2021	1	2.26	4.88	5.81	6.94	5.43	6.16	2.83	2.93	2.13	2.17	2.09	8.98	8.84	8.76	27.71	26.13	31.02	35.53
6-1	6-1	b	6-1x6-1b	1	1	1	2	28.4.2021	2	4.10	6.15	5.88	6.50	5.62	8.14	3.51	3.60	2.40	2.28	2.14	8.12	7.82	8.23	26.71	27.75	25.16	30.12
6-1	6-1	c	6-1x6-1c	1	1	1	1	29.3.2021	1	2.37	5.72	5.25	6.28	5.75	6.27	3.01	3.22	2.02	1.94	1.99	8.58	8.06	8.71	26.10	26.25	30.73	35.10
6-1	6-1	c	6-1x6-1c	1	1	1	2	31.3.2021	1	1.91	5.77	5.38	5.79	5.39	6.09	2.77	3.16	1.81	1.89	1.87	7.85	7.93	8.36	30.02	31.44	29.68	33.67
6-1	6-2	b	6-1x6-2b	1	1	1	1	9.3.2021	3	3.22	4.89	4.59	5.22	4.65	6.29	2.79	2.75	1.69	1.84	1.75	7.15	6.62	6.69	18.92	21.13	21.53	25.81
6-1	6-2	b	6-1x6-2b	1	1	1	2	16.3.2021	1	2.94	6.01	6.14	5.88	5.93	6.35	3.00	3.04	2.27	2.34	2.27	8.08	8.14	8.32	25.63	29.28	27.00	33.53
6-1	6-2	c	6-1x6-2c	1	1	1	1	5.3.2021	1	1.94	5.27	5.04	5.86	4.90	6.72	3.03	2.68	2.16	2.07	1.99	7.94	8.02	7.69	30.03	30.82	29.79	37.03
6-1	6-2	c	6-1x6-2c	1	1	1	2	1.4.2021	1	3.18	6.05	5.92	5.78	5.22	7.54	3.26	3.45	1.85	2.43	2.01	8.43	7.60	8.28	24.74	25.88	26.23	29.90
6-1	6-3	a	6-1x6-3a	1	1	1	1	21.4.2021	1	1.89	7.20	7.18	6.32	6.91	9.38	3.73	3.66	2.38	2.47	2.24	11.63	10.96	11.08	26.21	27.24	28.27	30.81
6-1	6-3	a	6-1x6-3a	1	1	1	2	22.4.2021	1	2.79	7.72	7.84	8.20	6.90	8.69	3.35	3.44	2.13	2.52	2.15	10.62	10.29	10.70	29.81	30.01	30.02	33.34
6-1	6-3	c	6-1x6-3c	1	1	1	1	4.4.2021	2	1.95	6.31	5.62	6.90	5.44	6.56	2.70	2.82	1.94	2.04	1.87	8.16	8.64	8.60	27.19	27.03	28.49	30.17
6-1	6-3	c	6-1x6-3c	1	1	1	2	26.4.2021	1	3.32	6.66	8.15	7.64	7.44	7.84	3.13	3.40	2.44	2.53	2.27	10.41	9.87	10.22	28.50	28.93	27.45	30.76
6-1	6-4	a	6-1x6-4a	1	1	1	1	6.4.2021	1	3.94	6.20	4.89	6.18	5.30	7.36	3.37	3.41	2.01	1.74	1.91	8.38	7.69	8.18	20.80	21.55	22.26	21.10
6-1	6-4	a	6-1x6-4a	1	1	1	2	21.4.2021	1	2.93	7.29	7.05	7.30	6.60	7.29	3.47	3.63	1.96	2.05	1.94	8.84	8.67	8.96	25.49	25.74	27.15	28.30
6-1	6-4	c	6-1x6-4c	1	1	1	1	15.4.2021	1	2.79	6.28	6.29	7.25	7.19	7.80	3.90	3.89	2.26	1.92	2.06	9.97	8.78	8.97	25.01	22.10	23.03	23.61
6-1	6-4	c	6-1x6-4c	1	1	1	2	3.5.2021	1	3.24	6.33	6.91	7.71	6.81	7.93	3.59	3.77	2.47	2.18	1.86	9.04	8.83	8.91	22.14	21.26	21.32	22.42
6-2	6-1	a	6-2x6-1a	1	1	1	1	21.4.2021	1	3.96	5.13	5.44	6.40	6.28	8.24	3.30	3.42	2.22	2.36	2.24	8.99	8.45	9.30	27.60	29.12	30.89	34.18
6-2	6-1	a	6-2x6-1a	1	1	1	2	28.4.2021	2	4.44	6.09	6.21	6.86	6.20	8.67	3.41	3.43	2.48	2.53	2.39	9.55	9.42	9.81	34.10	35.40	33.71	37.89
6-2	6-1	b	6-2x6-1b	1	1	1	1	5.5.2021	1	2.65	5.92	7.12	7.54	6.65	7.73	3.05	2.90	2.43	2.48	2.51	9.72	9.39	9.53	29.61	30.40	33.06	32.58
6-2	6-1	b	6-2x6-1b	1	1	1	2	17.5.2021	1	4.17	5.63	5.03	6.78	4.43	7.84	2.96	3.03	2.41	2.54	2.39	8.83	8.60	8.98	20.85	22.51	23.61	26.32
6-2	6-2	b	6-2x6-2b	1	1	1	1	26.4.2021	1	2.52	6.02	5.90	5.32	5.53	7.58	2.83	2.92	2.11	2.43	2.44	9.02	9.08	9.24	30.47	29.89	33.11	35.62
6-2	6-2	b	6-2x6-2b	1	1	1	2	3.5.2021	1	3.48	5.34	5.79	7.06	5.79	7.96	3.22	3.28	2.74	2.77	2.56	9.35	9.10	9.00	26.53	27.44	28.73	31.28
6-2	6-2	c	6-2x6-2c	1	1	1	1	19.4.2021	1	2.47	6.11	5.99	6.76	5.36	8.89	3.51	3.53	2.48	2.38	2.45	9.13	9.09	9.62	26.13	28.61	27.99	28.41
6-2	6-2	c	6-2x6-2c	1	1	1	2	23.4.2021	3	1.98	5.88	6.23	5.27	5.49	8.37	3.47	3.37	2.35	2.38	2.35	9.78	9.22	9.34	27.72	27.88	28.52	30.35
6-2	6-3	a	6-2x6-3a	1	1	1	1	14.4.2021	1	1.41	5.39	6.87	6.77	7.16	7.26	2.83	2.84	1.45	1.67	1.62	9.02	8.33	8.95	23.38	23.55	24.59	25.25
6-2	6-3	a	6-2x6-3a	1	1	1	2	11.5.2021	1	3.55	5.78	6.35	6.54	5.44	7.85	3.02	2.80	1.96	1.95	1.91	9.22	8.67	8.80	20.74	22.20	21.02	23.54
6-2	6-3	c	6-2x6-3c	1	1	1	1	31.3.2021	2	1.63	6.48	5.40	6.63	5.95	6.71	2.51	2.69	1.97	2.07	2.04	8.57	9.33	9.65	28.18	27.28	30.77	32.05
6-2	6-3	c	6-2x6-3c	1	1	1	2	21.4.2021	1	1.41	6.92	6.71	8.00	7.66	7.36	2.88	2.94	2.26	2.47	2.24	10.31	10.22	10.42	28.44	29.43	31.09	36.67
6-2	6-4	b	6-2x6-4b	1	1	1	1	15.4.2021	1	0.20	6.95	7.71	8.46	7.59	7.32	3.35	3.53	1.94	2.05	1.86	9.72	9.83	9.79	29.37	26.44	30.73	30.61
6-2	6-4	b	6-2x6-4b	1	1	1	2	22.4.2021	1	0.87	6.49	7.05	7.30	6.30	8.01	3.67	3.80	2.07	1.94	1.94	10.21	9.90	9.92	24.01	23.76	25.14	24.72
6-2	6-4	c	6-2x6-4c	1	1	1	1	22.3.2021	1	1.91	6.79	4.61	6.42	5.83	7.52	3.23	3.16	2.17	1.93	2.12	8.06	8.01	8.23	26.08	26.75	26.76	28.69
6-2	6-4	c	6-2x6-4c	1	1	1	2	12.4.2021	1	3.16	5.92	7.09	7.05	6.56	8.68	3.78	4.01	2.30	2.53	2.25	9.61	9.41	9.36	29.43	27.59	30.53	32.03
6-3	6-1	a	6-3x6-1a	1	1	1	1	8.4.2021	1	2.56	6.05	5.59	6.44	6.09	7.17	2.81	3.23	1.72	1.91	1.84	8.85	9.14	9.08	28.42	26.98	30.14	30.82
6-3	6-1	a	6-3x6-1a	1	1	1	2	29.4.2021	3	3.42	8.03	6.46	7.98	6.85	9.28	3.56	3.62	2.37	2.47	2.36	9.93	9.65	9.30	28.40	31.21	31.47	34.99
6-3	6-1	b	6-3x6-1b	1	1	1	1	12.4.2021	1	2.49	5.21	4.91	5.38	5.82	6.02	2.59	2.51	1.73	2.03	1.89	7.83	7.86	8.58	27.05	27.91	28.69	32.90
6-3	6-1	b	6-3x6-1b	1	1	1	2	29.4.2021	1	2.91	6.39	5.15	6.95	6.44	6.92	2.67	2.65	1.72	1.79	1.81	7.92	8.16	8.14	29.66	27.85	30.98	31.38
6-3	6-2	a	6-3x6-2a	1	1	1	1	26.2.2021	1	3.28	6.81	5.29	5.49	5.57	6.56	2.55	2.80	1.92	1.86	2.05	8.07	7.76	8.17	25.55	25.16	28.47	29.33
6-3	6-2	a	6-3x6-2a	1	1	1	2	28.3.2021	2	3.01	6.03	6.16	5.62	6.44	7.11	2.83	2.84	1.90	1.92	1.79	9.20	9.21	8.97	24.17	24.26	26.14	26.55
6-3	6-2	c	6-3x6-2c	1	1	1	1	3.3.2021	1	3.27	5.17	4.41	3.70	4.81	7.26	2.91	2.95	2.16	2.20	2.29	8.46	8.71	8.45	22.06	22.18	24.50	26.52
6-3	6-2	c	6-3x6-2c	1	1	1	2	6.4.2021	1	1.50	5.63	5.07	6.21	4.93	7.13	2.84	2.94	2.05	2.05	1.89	9.00	8.80	8.60	23.30	22.66	23.56	25.02
6-3	6-3	a	6-3x6-3a	1	1	1	1	31.3.2021	1	3.49	7.70	7.16	7.26	7.24	7.96	3.70	3.27	1.95	1.93	2.00	10.95	10.98	11.59	30.67	30.72	35.37	35.49
6-3	6-3	a	6-3x6-3a	1	1	1	2	28.4.2021	1	2.40	8.75	8.32	8.67	6.50	9.42	3.50	3.67	1.91	1.89	1.73	11.40	11.01	11.18	26.62	28.25	29.51	31.34
6-3	6-3	c	6-3x6-3c	1	1	1	1	16.3.2021	1	1.90	7.41	6.41	6.04	7.28	7.70	2.96	3.19	1.84	1.78	1.85	10.35	11.05	10.98	28.59	29.20	30.67	35.74
6-3	6-3	c	6-3x6-3c	1	1	1	2	3.5.2021	1	2.69	9.07	7.77	8.12	6.67	8.77	3.23	3.61	1.84	2.10	2.28	11.10	10.94	11.19	30.61	29.67	31.68	36.07
6-3	6-4	a	6-3x6-4a	1	1	1	1	29.3.2021	1	2.81	6.11	7.47	8.42	8.40	7.48	3.35	3.49	1.79	1.68	1.90	10.78	10.74	11.00	28.07	25.23	31.13	29.38
6-3	6-4	a	6-3x6-4a	1	1	1	2	4.4.2021	1	3.07	4.99	8.01	7.54	6.60	6.67	3.17	3.04	1.62	1.62	1.55	10.09	9.47	9.56	27.66	23.86	30.97	26.80
6-3	6-4	b	6-3x6-4b	1	1	1	1	1.4.2021	1	2.07	5.81	6.69	7.10	6.69	7.84	3.29	3.23	2.32	2.31	2.21	9.81	9.13	9.41	25.50	21.61	24.56	23.38
6-3	6-4	b	6-3x6-4b	1	1	1	2	12.5.2021	1	3.23	7.93	8.10	8.68	7.21	8.56	3.69	3.47	2.42	2.38	2.34	9.96	9.96	10.05	29.05	27.12	28.22	27.32
6-4	6-1	a	6-4x6-1a	1	1	1	1	7.5.2021	1	1.84	5.85	7.57	7.49	7.56	7.36	3.11	3.28	2.33	2.37	2.46	9.06	9.18	9.55	24.93	24.99	24.95	25.74
6-4	6-1	a	6-4x6-1a	1	1	1	2	11.5.2021	1	2.63	6.00	8.83	8.64	8.19	7.29	3.34	3.70	2.49	2.17	2.37	10.14	9.38	9.78	23.68	24.30	24.21	27.00
6-4	6-1	b	6-4x6-1b	1	1	1	1	26.3.2021	1	0.90	6.41	6.25	6.37	5.28	7.54	3.48	3.60	1.91	1.85	2.00	8.80	8.52	8.43	24.93	23.20	25.57	24.99
6-4	6-1	b	6-4x6-1b	1	1	1	2	1.4.2021	1	1.25	6.87	6.66	7.35	6.28	8.28	4.33	4.19	2.49	2.18	2.27	10.13	9.53	9.83	28.98	26.59	30.14	29.91
6-4	6-2	a	6-4x6-2a	1	1	1	1	5.5.2021	1	1.94	5.98	7.55	8.84	7.81	8.31	3.68	3.63	2.31	2.35	2.24	9.66	9.94	10.11	25.75	26.21	26.05	27.05
6-4	6-2	a	6-4x6-2a	1	1	1	2	7.5.2021	2	2.61	7.14	7.43	8.52	7.30	7.95	3.42	3.52	2.46	2.20	2.19	9.93	9.32	9.66	29.75	30.13	28.76	29.92
6-4	6-2	b	6-4x6-2b	1	1	1	1	5.5.2021	1	2.10	6.47	7.04	7.76	7.04	7.37	3.07	3.17	1.89	1.87	1.82	8.78	8.75	9.53	29.41	26.74	30.97	31.14
6-4	6-2	b	6-4x6-2b	1	1	1	2	6.5.2021	1	1.47	7.31	6.73	7.84	5.54	8.01	3.95	3.86	2.55	2.25	2.28	10.35	9.92	9.83	25.21	24.32	25.08	25.70
6-4	6-3	a	6-4x6-3a	1	1	1	1	23.4.2021	2	1.32	6.94	8.07	8.40	7.78	8.25	3.58	3.51	1.81	2.04	1.83	11.10	10.57	10.64	28.90	26.15	28.23	28.11
6-4	6-3	a	6-4x6-3a	1	1	1	2	3.5.2021	1	2.17	7.34	8.16	9.83	8.36	7.63	3.35	3.50	2.27	2.12	2.03	10.65	10.80	11.26	28.90	27.55	29.16	29.16
6-4	6-3	c	6-4x6-3c	1	1	1	1	30.3.2021	1	1.46	7.02	7.89	7.67	6.43	7.78	4.08	3.79	1.69	1.83	1.90	10.76	10.30	10.41	24.86	24.60	25.32	24.46
6-4	6-3	c	6-4x6-3c	1	1	1	2	9.4.2021	1	2.66	7.17	7.03	8.16	8.20	9.70	4.56	4.48	2.20	2.15	2.22	11.10	10.78	11.56	28.55	28.13	29.24	29.55
6-4	6-4	b	6-4x6-4b	1	1	1	1	8.4.2021	1	1.61	5.38	7.19	7.90	6.15	6.58	2.92	3.31	1.22	1.20	1.38	8.31	8.60	8.73	22.67	20.91	23.58	21.76
6-4	6-4	b	6-4x6-4b	1	1	1	2	29.4.2021	1	2.90	7.49	7.97	8.73	7.71	7.63	3.71	3.71	1.66	1.32	1.58	9.65	9.59	9.87	26.86	22.63	25.80	24.71
6-4	6-4	c	6-4x6-4c	1	1	1	1	25.5.2021	1	2.09	7.73	7.29	7.30	6.68	7.72	3.24	3.40	1.80	1.70	1.65	8.83	8.47	8.46	22.13	23.68	23.21	23.06
6-4	6-4	c	6-4x6-4c	1	1	1	2	3.6.2021	1	1.54	6.32	5.51	6.17	5.84	7.58	3.54	3.38	1.89	1.72	1.72	8.24	7.85	8.23	23.43	23.88	22.59	22.78
7-1	7-1	a	7-1x7-1a	1	1	1	1	26.5.2021	1	2.02	6.18	5.50	6.29	5.59	8.07	2.86	3.03	2.41	2.77	2.56	8.43	8.38	8.43	23.95	24.57	24.54	28.19
7-1	7-1	a	7-1x7-1a	1	1	1	2	3.6.2021	1	1.59	6.11	5.97	7.42	6.45	8.36	2.99	2.81	2.23	2.40	2.24	8.38	8.63	8.26	28.68	29.88	23.71	32.64
7-1	7-1	b	7-1x7-1b	1	1	1	1	23.3.2021	1	3.46	6.09	4.54	5.32	5.22	7.11	2.75	2.94	2.03	2.11	2.18	8.55	8.57	8.53	30.48	31.30	33.30	36.52
7-1	7-1	b	7-1x7-1b	1	1	1	2	22.4.2021	1	2.81	6.67	7.58	7.44	6.07	9.51	3.08	3.25	2.26	2.55	2.38	9.91	9.40	9.88	31.60	33.86	32.97	38.56
7-1	7-1	c	7-1x7-1c	1	1	1	1	12.5.2021	1	3.30	7.75	9.79	9.41	9.06	10.16	3.84	3.51	2.81	2.70	2.95	10.52	9.76	10.22	31.17	32.99	31.41	35.95
7-1	7-1	c	7-1x7-1c	1	1	1	2	12.5.2021	1	3.83	6.33	6.52	6.92	6.78	9.02	3.26	3.42	2.16	2.37	2.19	8.77	8.48	8.89	26.44	29.13	26.91	28.82
7-1	7-2	b	7-1x7-2b	1	1	1	1	23.4.2021	1	1.92	7.57	7.65	7.84	7.74	9.46	3.81	3.69	2.76	2.87	2.90	10.84	10.43	10.54	30.75	32.51	31.91	34.58
7-1	7-2	b	7-1x7-2b	1	1	1	2	29.4.2021	1	1.64	6.60	6.70	7.20	7.40	9.19	3.46	3.57	2.30	2.56	2.56	10.06	10.32	10.39	32.24	32.14	31.29	34.70
7-1	7-2	c	7-1x7-2c	1	1	1	1	26.4.2021	1	3.63	6.45	6.62	7.92	5.37	9.86	3.67	3.65	2.89	3.04	2.78	9.62	9.40	9.52	28.44	28.51	30.31	33.60
7-1	7-2	c	7-1x7-2c	1	1	1	2	27.4.2021	1	3.46	7.29	5.55	6.69	5.95	9.11	3.68	3.49	2.68	2.69	2.59	9.62	8.93	9.33	24.53	27.58	25.94	29.97
7-1	7-3	a	7-1x7-3a	1	1	1	1	20.4.2021	1	0.10	6.52	7.41	8.11	8.16	7.96	3.67	3.68	2.02	2.01	1.86	8.55	8.71	9.20	26.18	26.18	27.14	27.59
7-1	7-3	a	7-1x7-3a	1	1	1	2	18.5.2021	3	2.75	6.01	5.57	6.72	5.73	8.20	3.39	3.29	2.20	2.20	2.03	8.01	8.04	8.26	23.63	24.56	22.86	23.94
7-1	7-3	b	7-1x7-3b	1	1	1	1	28.4.2021	1	1.81	6.29	6.98	8.06	7.85	7.55	2.91	3.21	1.96	1.74	1.93	8.39	8.52	9.02	25.58	23.03	27.01	26.24
7-1	7-3	b	7-1x7-3b	1	1	1	2	21.5.2021	1	3.02	6.20	7.59	8.04	7.90	7.66	2.92	3.13	1.88	2.15	1.79	9.19	9.01	9.02	25.00	25.72	25.29	26.48
7-1	7-4	b	7-1x7-4b	1	1	1	1	7.4.2021	1	3.52	5.30	4.84	6.74	5.46	7.25	2.90	3.28	2.29	2.30	2.29	7.53	8.04	7.58	26.09	24.24	26.92	27.29
7-1	7-4	b	7-1x7-4b	1	1	1	2	16.4.2021	2	1.44	7.00	8.12	7.34	7.23	9.47	3.48	3.43	2.63	2.95	2.97	10.44	9.60	10.10	28.63	31.27	29.86	33.29
7-1	7-4	c	7-1x7-4c	1	1	1	1	23.4.2021	1	3.05	6.71	6.46	7.30	7.35	8.50	3.57	3.53	2.54	2.50	2.63	9.56	9.24	9.71	32.61	33.22	31.57	38.54
7-1	7-4	c	7-1x7-4c	1	1	1	2	28.4.2021	1	3.94	6.09	7.59	7.68	7.60	9.19	3.69	3.71	2.52	2.54	2.22	9.73	9.28	9.44	32.36	31.99	33.22	37.77
7-2	7-1	a	7-2x7-1a	1	1	1	1	12.4.2021	1	2.41	5.75	6.71	7.01	6.54	8.91	3.72	3.53	2.47	2.67	2.41	10.11	9.96	10.51	27.98	27.08	28.80	29.61
7-2	7-1	a	7-2x7-1a	1	1	1	2	14.4.2021	1	3.14	7.51	6.97	7.55	7.36	9.93	3.65	3.63	2.76	3.11	2.76	11.02	10.06	11.01	26.67	26.52	28.29	29.05
7-2	7-1	b	7-2x7-1b	1	1	1	1	28.3.2021	1	5.00	7.36	5.52	5.58	4.32	7.88	3.96	3.53	2.28	2.11	2.07	7.98	7.50	7.63	26.86	28.97	29.77	33.48
7-2	7-1	b	7-2x7-1b	1	1	1	2	15.4.2021	2	1.92	6.76	6.89	7.91	7.10	7.52	2.81	2.89	2.26	2.50	2.42	9.42	9.30	9.34	33.55	33.15	36.21	35.48
7-2	7-2	a	7-2x7-2a	1	1	1	1	4.4.2021	1	3.90	6.99	6.12	6.61	5.73	9.08	3.81	3.95	2.46	2.86	2.75	10.28	9.65	10.26	30.58	31.01	32.65	34.09
7-2	7-2	a	7-2x7-2a	1	1	1	2	22.4.2021	1	4.86	8.09	6.16	6.91	6.17	9.85	4.21	4.28	2.31	2.90	2.43	9.78	9.56	10.34	29.55	30.53	28.87	29.28
7-2	7-2	c	7-2x7-2c	1	1	1	1	8.4.2021	1	3.15	5.36	4.27	4.68	4.02	7.00	2.81	2.80	1.78	1.94	1.84	6.49	6.13	6.38	21.68	19.98	21.79	20.62
7-2	7-3	a	7-2x7-3a	1	1	1	1	26.2.2021	1	3.48	7.41	5.96	6.30	6.52	8.29	3.55	3.42	2.31	2.17	1.97	7.77	7.58	8.08	26.14	25.36	27.24	30.88
7-2	7-3	a	7-2x7-3a	1	1	1	2	13.4.2021	1	3.54	7.90	6.66	6.75	7.08	8.62	4.49	4.23	2.24	2.02	1.94	9.33	9.09	9.20	24.59	25.12	26.35	26.82
7-2	7-3	c	7-2x7-3c	1	1	1	1	23.4.2021	1	1.76	7.10	8.50	9.25	8.84	9.64	4.47	4.88	2.26	2.46	2.26	10.70	10.57	10.51	28.33	28.14	26.90	26.81
7-2	7-3	c	7-2x7-3c	1	1	1	2	27.4.2021	1	2.42	6.94	8.19	8.11	7.52	9.02	3.89	3.98	2.25	2.15	2.37	9.31	9.42	9.41	26.56	25.11	26.24	24.88
7-2	7-4	b	7-2x7-4b	1	1	1	1	3.5.2021	1	3.73	6.07	6.40	6.55	5.45	7.70	3.24	3.28	2.39	2.74	2.38	8.75	8.77	8.65	27.38	28.13	29.24	31.44
7-2	7-4	b	7-2x7-4b	1	1	1	2	11.5.2021	1	4.32	7.65	6.15	7.87	7.02	9.01	3.74	3.60	2.76	2.85	2.75	9.51	9.37	9.90	26.83	29.87	27.93	33.05
7-2	7-4	c	7-2x7-4c	1	1	1	1	19.4.2021	1	3.44	6.59	6.09	6.75	5.86	8.31	3.46	3.42	2.43	2.63	2.32	9.45	8.95	9.20	29.30	31.92	29.12	35.08
7-2	7-4	c	7-2x7-4c	1	1	1	2	7.5.2021	1	3.34	7.93	5.81	6.69	6.41	7.20	2.88	3.11	2.28	2.15	2.14	8.60	8.63	8.79	29.40	29.98	29.96	32.00
7-3	7-1	a	7-3x7-1a	1	1	1	1	21.4.2021	1	2.80	5.67	7.05	7.51	7.27	7.91	3.64	3.76	2.05	2.28	2.08	9.21	8.68	9.05	25.43	25.04	24.03	24.80
7-3	7-1	a	7-3x7-1a	1	1	1	2	5.5.2021	1	2.22	7.99	6.59	7.48	7.38	9.14	3.98	3.81	2.55	2.43	2.26	9.17	8.98	9.41	24.42	26.74	24.74	26.25
7-3	7-1	b	7-3x7-1b	1	1	1	1	26.4.2021	1	1.27	6.48	7.13	8.00	6.95	7.68	3.12	3.48	1.73	1.73	1.63	8.37	8.54	8.66	26.05	27.93	26.97	25.07
7-3	7-1	b	7-3x7-1b	1	1	1	2	11.5.2021	1	2.65	7.60	6.24	7.57	6.78	9.33	4.08	4.09	2.46	2.35	2.11	9.98	9.97	9.98	25.88	27.21	26.42	28.62
7-3	7-2	a	7-3x7-2a	1	1	1	1	27.4.2021	2	2.50	6.00	6.44	7.71	6.39	6.97	3.56	3.60	1.82	1.58	1.71	8.07	8.39	8.48	23.60	22.57	24.01	23.30
7-3	7-2	a	7-3x7-2a	1	1	1	2	11.5.2021	2	2.31	6.98	6.81	7.35	5.42	8.22	3.85	4.00	2.23	2.22	2.17	8.81	8.58	8.51	23.06	23.93	23.27	23.25
7-3	7-2	b	7-3x7-2b	1	1	1	1	23.4.2021	1	2.83	6.13	8.02	8.43	7.47	7.74	3.64	3.60	1.79	1.99	1.82	9.71	10.13	9.62	28.40	26.29	31.05	26.53
7-3	7-2	b	7-3x7-2b	1	1	1	2	17.5.2021	1	3.86	7.63	6.78	8.12	7.43	10.03	4.23	4.23	2.22	2.32	2.28	9.52	9.82	10.03	27.00	27.26	27.41	27.80
7-3	7-3	a	7-3x7-3a	1	1	1	1	27.4.2021	3	1.60	6.13	7.49	6.52	6.57	7.45	3.89	3.75	1.87	1.74	1.88	7.94	7.99	7.84	23.32	22.88	24.68	22.38
7-3	7-3	a	7-3x7-3a	1	1	1	2	6.5.2021	1	2.11	6.31	6.35	7.03	6.59	8.49	3.90	4.17	2.11	2.36	2.08	8.06	8.38	8.21	22.50	24.66	23.02	22.37
7-3	7-3	b	7-3x7-3b	1	1	1	1	15.6.2021	1	2.60	6.90	4.61	5.97	4.69	7.20	3.23	3.00	1.37	1.52	1.46	5.63	5.96	5.90	23.52	22.46	23.66	22.24
7-3	7-3	c	7-3x7-3c	1	1	1	1	28.4.2021	1	3.07	6.03	6.10	7.20	6.00	7.14	3.61	3.88	1.65	1.71	1.42	6.55	7.03	6.95	23.01	21.94	23.11	21.60
7-3	7-3	c	7-3x7-3c	1	1	1	2	3.5.2021	1	3.33	7.86	6.53	6.80	6.58	7.61	3.63	3.83	1.86	1.67	1.93	6.90	7.16	7.38	25.13	26.43	24.00	26.10
7-3	7-4	b	7-3x7-4b	1	1	1	1	23.4.2021	1	1.09	5.27	7.30	7.20	7.18	7.42	3.45	3.50	1.95	2.03	2.01	8.70	8.74	9.03	24.15	23.62	26.65	26.56
7-3	7-4	b	7-3x7-4b	1	1	1	2	17.5.2021	1	2.55	7.48	7.82	8.43	7.00	7.64	3.37	3.47	2.40	2.16	2.22	9.87	9.26	9.30	29.54	30.15	30.16	31.32
7-3	7-4	c	7-3x7-4c	1	1	1	1	21.4.2021	1	2.34	5.68	8.22	7.68	6.53	7.69	3.74	3.84	2.00	2.13	2.01	9.85	9.51	9.46	28.47	27.16	30.33	31.73
7-3	7-4	c	7-3x7-4c	1	1	1	2	17.5.2021	1	4.17	6.55	5.83	6.87	6.76	6.91	2.90	2.91	1.82	1.99	1.84	7.34	7.19	7.69	26.40	26.20	22.96	27.07
7-4	7-1	a	7-4x7-1a	1	1	1	1	27.4.2021	2	3.20	6.16	5.12	6.33	5.64	9.00	3.36	3.20	2.17	2.03	2.03	8.14	7.77	7.68	29.09	30.27	28.41	32.98
7-4	7-1	a	7-4x7-1a	1	1	1	2	28.4.2021	1	2.94	6.54	7.10	7.04	6.81	8.04	2.84	2.83	2.49	2.35	2.55	9.19	9.15	9.24	29.60	31.60	32.70	36.52
7-4	7-1	c	7-4x7-1c	1	1	1	1	22.4.2021	1	2.48	6.33	6.99	7.33	6.17	9.41	3.86	3.67	2.86	2.53	2.84	9.23	9.44	9.51	33.53	36.09	35.15	42.50
7-4	7-1	c	7-4x7-1c	1	1	1	2	3.5.2021	1	3.34	6.86	6.29	7.58	6.55	7.81	3.08	3.18	2.28	2.62	2.11	9.43	9.25	9.56	33.08	34.08	33.67	41.75
7-4	7-2	a	7-4x7-2a	1	1	1	1	21.4.2021	1	2.62	6.57	7.53	8.24	7.26	9.29	3.65	3.97	2.42	2.87	2.92	9.69	9.90	9.57	30.45	31.56	31.71	37.13
7-4	7-2	a	7-4x7-2a	1	1	1	2	26.4.2021	1	2.40	6.35	6.25	7.62	6.19	9.62	3.91	3.69	2.54	2.76	2.49	9.55	9.36	9.45	31.15	31.64	32.91	36.65
7-4	7-2	b	7-4x7-2b	1	1	1	1	12.5.2021	1	3.11	7.16	6.47	6.45	6.07	7.11	3.16	3.24	2.10	2.23	2.23	9.25	9.23	9.21	31.25	31.71	32.81	37.89
7-4	7-2	b	7-4x7-2b	1	1	1	2	13.5.2021	1	4.11	7.18	5.89	7.53	6.57	9.49	4.12	3.89	2.75	2.70	2.59	10.16	9.62	9.77	23.22	26.09	23.20	26.73
7-4	7-3	a	7-4x7-3a	1	1	1	1	12.3.2021	1	1.92	6.15	6.34	7.28	6.77	7.16	3.10	3.07	2.33	2.13	2.21	8.25	8.28	8.30	23.08	24.27	25.08	27.40
7-4	7-3	a	7-4x7-3a	1	1	1	2	26.3.2021	1	2.74	5.75	6.12	7.27	5.89	8.05	4.03	3.83	2.24	2.33	2.42	9.23	8.64	8.86	22.15	22.69	23.53	22.58
7-4	7-3	c	7-4x7-3c	1	1	1	1	16.3.2021	1	2.09	6.59	7.92	8.55	7.80	7.64	3.61	3.40	2.12	2.27	2.36	8.85	8.95	9.20	29.05	28.72	28.74	32.73
7-4	7-3	c	7-4x7-3c	1	1	1	2	1.4.2021	1	2.24	5.89	6.98	8.06	6.88	8.10	3.67	3.84	2.42	2.85	2.38	8.79	8.16	9.08	28.59	26.71	30.73	28.31
7-4	7-4	a	7-4x7-4a	1	1	1	1	30.3.2021	1	2.13	5.86	5.98	6.02	5.69	7.80	3.19	3.26	2.40	2.34	2.30	8.97	8.50	8.66	31.35	31.63	33.77	35.36
7-4	7-4	a	7-4x7-4a	1	1	1	2	30.3.2021	1	2.45	5.35	3.94	6.18	5.82	8.05	3.20	3.33	2.15	2.03	2.10	7.52	7.88	8.04	32.59	28.80	34.65	36.83
7-4	7-4	b	7-4x7-4b	1	1	1	1	31.3.2021	1	1.40	6.01	6.61	7.09	6.47	7.47	3.20	3.10	2.34	2.40	2.41	9.64	9.35	9.89	34.35	34.40	35.25	39.18
7-4	7-4	b	7-4x7-4b	1	1	1	2	14.4.2021	1	3.45	5.64	6.87	7.31	7.20	8.54	3.35	3.57	2.53	2.71	2.41	9.16	8.47	9.22	31.50	31.79	32.21	38.96
7-4	7-4	c	7-4x7-4c	1	1	1	1	31.3.2021	1	0.32	6.06	5.85	6.98	5.44	6.95	2.88	2.92	2.02	2.04	2.08	8.44	8.44	8.44	32.82	33.06	34.79	35.71
7-4	7-4	c	7-4x7-4c	1	1	1	2	16.4.2021	1	2.74	6.18	5.20	6.06	5.39	9.13	3.69	3.62	2.50	2.49	2.32	8.36	8.00	8.32	27.27	30.97	28.97	33.36
8-1	8-1	b	8-1x8-1b	1	1	1	1	12.4.2021	2	3.53	6.49	5.40	6.44	6.27	9.13	3.81	3.64	2.67	2.85	2.54	10.22	9.65	10.29	30.16	29.20	31.49	34.47
8-1	8-1	b	8-1x8-1b	1	1	1	2	17.5.2021	1	5.36	6.15	5.55	6.56	5.17	9.18	3.29	3.19	2.09	2.26	2.11	7.77	7.37	8.01	24.19	26.00	22.60	26.73
8-1	8-1	c	8-1x8-1c	1	1	1	1	16.4.2021	1	3.92	6.02	5.58	6.23	5.23	9.37	3.57	3.69	2.37	2.61	2.49	8.88	8.70	9.01	25.93	27.78	25.97	29.79
8-1	8-1	c	8-1x8-1c	1	1	1	2	7.5.2021	2	4.00	6.96	6.37	6.91	7.33	9.00	3.27	3.37	2.39	2.10	2.34	9.43	9.31	9.70	31.73	33.14	33.06	36.24
8-1	8-2	a	8-1x8-2a	1	1	1	1	7.5.2021	1	2.75	6.63	6.33	6.89	5.89	8.68	3.47	3.41	2.73	2.83	2.73	9.35	8.96	9.55	26.80	28.30	26.31	29.25
8-1	8-2	a	8-1x8-2a	1	1	1	2	12.5.2021	2	2.82	6.40	7.94	8.67	7.81	8.90	2.94	3.52	2.44	2.63	2.46	10.05	9.77	10.18	29.31	30.63	32.02	32.89
8-1	8-2	c	8-1x8-2c	1	1	1	1	26.4.2021	1	4.07	7.04	6.06	8.90	7.62	9.98	3.94	3.74	2.66	2.68	2.81	10.09	9.32	9.44	26.00	26.97	26.64	30.66
8-1	8-2	c	8-1x8-2c	1	1	1	2	6.5.2021	1	3.93	6.59	7.64	8.27	7.54	9.12	3.82	3.88	2.74	2.76	2.92	9.96	9.69	9.95	28.39	30.52	28.28	32.38
8-1	8-3	a	8-1x8-3a	1	1	1	1	11.4.2021	1	2.57	5.63	6.74	6.09	6.42	8.54	3.18	3.47	2.51	2.77	2.59	9.27	9.44	9.36	31.03	34.22	31.54	37.81
8-1	8-3	a	8-1x8-3a	1	1	1	2	19.4.2021	2	3.57	6.03	6.67	7.34	7.44	9.09	3.51	3.42	2.65	2.68	2.53	9.86	9.50	9.64	28.18	28.81	27.75	30.54
8-1	8-3	c	8-1x8-3c	1	1	1	1	15.3.2021	2	2.23	5.47	4.94	5.45	3.84	6.19	2.61	2.88	2.25	2.14	2.17	7.43	7.39	7.30	23.36	26.30	25.22	28.85
8-1	8-3	c	8-1x8-3c	1	1	1	2	6.4.2021	2	2.50	5.62	5.82	6.47	5.39	7.76	3.08	3.05	2.32	2.60	2.49	8.12	7.68	8.22	25.21	27.72	25.85	28.48
8-1	8-4	b	8-1x8-4b	1	1	1	1	1.4.2021	2	1.31	5.12	5.04	6.56	5.41	6.67	2.61	2.71	1.85	2.06	2.14	7.69	8.52	8.45	28.18	27.86	28.61	35.57
8-1	8-4	b	8-1x8-4b	1	1	1	2	7.5.2021	1	2.05	4.43	5.08	5.99	5.42	9.09	3.58	3.58	2.40	2.71	2.56	10.01	9.43	9.75	24.16	26.47	23.84	28.35
8-1	8-4	c	8-1x8-4c	1	1	1	1	20.4.2021	1	2.40	6.64	6.58	8.44	6.38	9.94	3.97	3.55	2.75	3.00	2.78	10.36	10.28	10.42	28.85	31.57	28.38	35.23
8-1	8-4	c	8-1x8-4c	1	1	1	2	18.5.2021	1	2.39	6.46	7.21	7.78	6.92	8.61	3.13	3.06	2.49	2.40	2.31	8.75	8.63	8.88	25.37	27.99	26.81	30.54
8-2	8-1	b	8-2x8-1b	1	1	1	1	27.4.2021	1	1.96	7.03	6.51	7.64	7.16	9.31	3.68	3.96	3.05	3.06	3.16	10.86	10.09	10.30	29.45	31.10	31.96	35.67
8-2	8-1	b	8-2x8-1b	1	1	1	2	12.5.2021	1	2.11	7.04	7.83	8.03	7.20	9.13	3.31	3.40	3.06	3.09	2.99	10.84	10.40	10.56	28.54	32.10	29.60	36.42
8-2	8-1	c	8-2x8-1c	1	1	1	1	22.4.2021	1	2.19	6.11	7.31	7.50	6.47	8.97	3.51	3.59	2.44	2.61	2.44	9.67	9.38	9.96	22.36	23.92	23.83	25.51
8-2	8-1	c	8-2x8-1c	1	1	1	2	23.4.2021	1	3.06	5.69	7.16	8.17	6.58	9.23	3.81	3.72	2.78	2.37	2.81	9.43	9.18	9.57	23.36	24.60	24.49	27.12
8-2	8-2	b	8-2x8-2b	1	1	1	1	30.3.2021	1	1.82	6.21	8.19	8.53	8.48	8.92	3.39	3.43	2.86	2.42	2.77	10.66	10.25	10.74	31.14	31.43	30.87	33.34
8-2	8-2	b	8-2x8-2b	1	1	1	2	1.4.2021	2	1.65	6.23	6.54	7.18	5.89	7.77	3.26	3.38	2.45	2.45	2.40	9.40	9.50	9.72	25.44	24.92	27.67	30.22
8-2	8-2	c	8-2x8-2c	1	1	1	1	20.3.2021	1	1.03	6.27	6.17	7.81	6.68	7.44	3.29	3.28	2.16	2.12	2.02	9.26	9.16	9.37	27.58	30.92	30.13	35.43
8-2	8-2	c	8-2x8-2c	1	1	1	2	28.3.2021	2	2.06	6.19	5.76	7.16	5.76	6.58	2.98	3.22	2.05	1.98	1.90	8.29	8.34	8.46	28.38	30.33	29.54	34.57
8-2	8-3	a	8-2x8-3a	1	1	1	1	23.4.2021	1	1.44	5.90	7.33	8.41	8.07	9.12	3.60	3.68	2.86	2.79	2.71	10.24	9.61	10.35	26.15	27.29	27.32	29.30
8-2	8-3	a	8-2x8-3a	1	1	1	2	27.4.2021	1	1.18	6.19	7.96	8.08	7.52	8.18	3.04	3.10	2.36	2.62	2.34	9.40	9.15	9.32	26.55	28.12	28.37	30.89
8-2	8-3	b	8-2x8-3b	1	1	1	1	23.4.2021	1	1.28	5.47	7.72	8.04	7.43	7.65	2.95	3.03	2.48	2.57	2.57	9.13	9.47	9.33	28.75	31.48	32.45	35.89
8-2	8-3	b	8-2x8-3b	1	1	1	2	26.4.2021	2	1.23	5.40	6.22	7.41	6.30	7.30	2.99	3.04	2.37	2.45	2.25	8.13	8.06	8.22	28.63	30.73	29.19	32.64
8-2	8-4	a	8-2x8-4a	1	1	1	1	9.3.2021	1	2.69	5.31	5.10	5.68	5.43	7.10	3.21	2.94	1.99	2.06	2.14	7.49	7.63	7.19	22.53	24.10	23.96	27.89
8-2	8-4	a	8-2x8-4a	1	1	1	2	23.3.2021	1	0.00	6.87	7.08	7.97	7.36	7.90	3.48	3.24	2.62	2.23	2.57	9.03	9.33	9.21	33.08	34.37	34.22	38.03
8-2	8-4	c	8-2x8-4c	1	1	1	1	27.2.2021	1	3.44	5.81	5.22	5.73	5.51	7.12	2.94	3.17	2.45	2.37	2.52	6.81	6.91	6.87	24.27	25.79	26.74	31.72
8-2	8-4	c	8-2x8-4c	1	1	1	2	5.3.2021	1	1.58	5.82	6.17	6.28	5.75	8.34	3.23	3.22	2.02	2.29	2.35	8.54	8.28	8.63	29.32	31.26	29.87	36.58
8-3	8-1	a	8-3x8-1a	1	1	1	1	16.4.2021	1	2.37	6.19	4.94	6.53	5.46	7.41	2.49	2.83	2.44	2.56	2.50	9.57	8.80	9.19	23.21	24.46	26.09	26.15
8-3	8-1	a	8-3x8-1a	1	1	1	2	11.5.2021	1	3.01	6.27	5.90	6.48	6.20	8.12	3.39	3.66	2.25	2.55	2.43	9.19	8.89	9.23	24.65	27.25	25.28	26.48
8-3	8-1	c	8-3x8-1c	1	1	1	1	16.4.2021	1	2.28	6.68	5.66	6.28	5.28	8.89	3.50	3.47	2.48	2.48	2.45	8.69	8.48	8.67	25.63	29.25	26.78	30.99
8-3	8-1	c	8-3x8-1c	1	1	1	2	23.4.2021	1	3.33	5.37	6.48	6.47	6.45	8.91	3.22	3.35	2.54	2.66	2.44	8.96	8.45	8.89	25.11	27.71	25.14	28.51
8-3	8-2	a	8-3x8-2a	1	1	1	1	30.3.2021	1	1.19	6.09	6.41	7.06	6.73	7.57	3.42	3.12	2.57	2.44	2.68	8.78	8.55	9.13	28.25	28.11	28.76	29.68
8-3	8-2	a	8-3x8-2a	1	1	1	2	13.4.2021	2	0.34	6.18	6.91	7.07	6.88	6.81	2.98	3.04	2.19	2.31	2.31	9.17	8.56	8.90	25.41	25.76	25.94	28.26
8-3	8-2	b	8-3x8-2b	1	1	1	1	3.3.2021	1	1.32	5.46	4.50	5.38	4.89	6.14	2.87	2.76	2.42	2.18	2.14	6.07	6.18	6.31	24.44	25.61	25.35	28.90
8-3	8-2	b	8-3x8-2b	1	1	1	2	7.4.2021	1	1.73	6.11	6.16	6.51	5.50	7.76	3.25	3.09	2.26	2.19	2.28	8.20	7.84	7.99	25.72	26.57	26.96	28.80
8-3	8-3	b	8-3x8-3b	1	1	1	1	11.4.2021	1	0.82	4.91	6.50	6.64	5.64	7.68	2.63	3.24	2.96	2.99	2.61	8.84	8.65	8.96	22.60	24.88	22.24	25.82
8-3	8-3	b	8-3x8-3b	1	1	1	2	16.4.2021	1	1.02	4.98	5.57	6.42	5.49	6.72	2.94	3.18	2.52	2.61	2.53	7.54	7.85	8.37	27.97	30.93	28.44	33.40
8-3	8-3	c	8-3x8-3c	1	1	1	1	20.4.2021	1	0.90	5.53	5.91	6.35	4.35	7.72	3.48	3.67	2.56	2.69	2.68	8.89	8.26	8.62	22.95	28.61	24.10	31.12
8-3	8-3	c	8-3x8-3c	1	1	1	2	23.4.2021	3	1.07	6.23	6.39	6.79	6.56	8.98	3.48	3.46	2.55	2.76	2.89	9.29	9.20	9.26	24.47	26.87	24.86	27.06
8-3	8-4	a	8-3x8-4a	1	1	1	1	28.4.2021	1	1.96	6.91	7.27	8.01	8.26	8.90	3.74	3.54	2.84	2.91	2.75	9.82	9.23	9.63	26.83	31.47	28.06	33.19
8-3	8-4	a	8-3x8-4a	1	1	1	2	3.5.2021	1	1.43	7.15	8.17	8.50	8.01	8.43	3.57	3.33	2.63	2.50	2.66	9.72	9.22	9.46	30.89	33.61	31.27	37.10
8-3	8-4	c	8-3x8-4c	1	1	1	1	31.3.2021	1	1.43	5.49	5.90	6.72	6.25	7.47	3.52	3.59	2.40	2.41	2.27	8.64	8.99	8.48	25.50	26.68	26.59	29.74
8-3	8-4	c	8-3x8-4c	1	1	1	2	1.4.2021	1	3.40	5.96	7.39	7.82	7.66	7.47	3.45	3.40	2.56	2.55	2.60	9.56	8.93	9.31	28.71	30.81	29.50	33.66
8-4	8-1	b	8-4x8-1b	1	1	1	1	20.4.2021	1	2.36	6.27	5.79	7.80	6.47	7.56	3.00	3.12	2.32	2.39	2.26	9.17	9.19	9.58	30.98	29.80	31.64	35.49
8-4	8-1	b	8-4x8-1b	1	1	1	2	3.5.2021	1	4.20	5.94	6.99	7.99	7.48	9.05	3.32	3.43	2.20	2.49	2.16	9.63	9.29	9.86	25.49	27.77	26.41	28.51
8-4	8-1	c	8-4x8-1c	1	1	1	1	4.4.2021	1	2.69	6.91	7.18	7.42	7.12	8.95	4.18	4.33	2.49	2.38	2.64	9.46	9.62	9.38	29.16	29.47	32.12	35.90
8-4	8-1	c	8-4x8-1c	1	1	1	2	6.4.2021	1	2.24	7.31	6.44	8.14	7.15	8.83	3.68	3.79	2.25	2.30	2.25	9.81	9.54	9.85	33.34	33.76	35.33	39.05
8-4	8-2	a	8-4x8-2a	1	1	1	1	28.3.2021	1	1.50	6.10	6.84	8.28	7.01	8.29	3.80	3.74	2.63	2.73	2.71	10.67	10.47	11.12	25.25	26.19	28.08	31.50
8-4	8-2	a	8-4x8-2a	1	1	1	2	29.3.2021	1	2.63	5.68	6.75	7.48	7.64	8.94	4.13	4.07	2.89	2.75	3.02	11.14	10.35	10.43	24.35	26.29	25.89	26.99
8-4	8-2	b	8-4x8-2b	1	1	1	1	8.4.2021	1	1.86	6.30	7.17	7.02	6.95	7.89	3.21	3.28	2.30	2.42	2.28	9.34	9.07	9.35	25.27	25.84	25.64	27.45
8-4	8-2	b	8-4x8-2b	1	1	1	2	27.4.2021	2	1.90	6.45	7.88	8.31	7.93	8.89	3.52	3.60	2.65	2.61	2.82	9.70	9.62	9.98	26.74	27.74	26.29	30.05
8-4	8-3	a	8-4x8-3a	1	1	1	1	24.3.2021	3	1.33	6.54	7.72	7.97	7.98	9.17	3.98	4.15	2.77	2.56	3.02	10.02	9.84	10.00	27.09	30.92	29.12	32.31
8-4	8-3	a	8-4x8-3a	1	1	1	2	21.4.2021	1	2.33	6.83	7.65	8.66	8.22	9.77	4.18	4.25	2.68	2.78	2.51	9.86	10.25	10.04	29.36	31.02	30.30	33.98
8-4	8-3	b	8-4x8-3b	1	1	1	1	23.4.2021	1	1.37	6.43	6.87	8.37	7.50	8.20	3.70	3.81	2.44	2.70	2.45	9.70	9.60	10.23	27.30	29.18	29.74	32.21
8-4	8-3	b	8-4x8-3b	1	1	1	2	26.4.2021	1	0.53	6.56	7.62	8.84	7.44	8.56	3.72	3.80	2.66	2.41	2.75	10.12	10.21	10.54	30.30	32.91	31.58	36.45
8-4	8-4	b	8-4x8-4b	1	1	1	1	28.3.2021	1	1.56	5.67	7.44	8.09	7.91	7.45	3.77	3.56	2.31	2.43	2.34	9.91	9.84	9.63	28.90	29.94	34.34	36.81
8-4	8-4	b	8-4x8-4b	1	1	1	2	21.4.2021	1	1.15	6.15	7.03	7.91	7.97	9.22	3.97	3.79	2.73	2.80	2.42	10.25	10.74	11.03	28.03	29.58	30.59	36.59
8-4	8-4	c	8-4x8-4c	1	1	1	1	17.3.2021	1	2.97	7.06	7.71	6.10	8.16	8.45	3.86	3.90	2.54	2.48	2.54	9.94	9.35	9.60	27.43	31.01	27.09	34.18
8-4	8-4	c	8-4x8-4c	1	1	1	2	22.3.2021	1	0.63	6.85	6.75	7.73	7.69	9.33	3.97	3.97	2.07	2.25	2.33	9.72	10.20	9.89	26.43	28.72	30.03	34.22
9-1	9-1	a	9-1x9-1a	1	1	1	1	5.5.2021	1	1.31	6.71	5.75	6.82	5.94	7.64	3.66	3.66	2.27	2.43	2.45	7.26	7.59	7.63	21.17	19.61	24.17	22.86
9-1	9-1	a	9-1x9-1a	1	1	1	2	11.5.2021	1	2.90	7.11	4.70	5.30	4.52	7.09	3.40	3.24	2.24	2.01	1.99	7.08	6.74	6.89	20.41	18.41	21.57	20.50
9-1	9-1	b	9-1x9-1b	1	1	1	1	17.5.2021	2	2.75	7.22	6.11	6.79	5.63	7.22	3.63	3.79	2.06	1.91	1.96	8.01	7.79	7.89	25.15	23.17	25.29	23.56
9-1	9-1	b	9-1x9-1b	1	1	1	2	25.5.2021	1	2.08	6.73	6.29	6.21	6.16	6.96	3.64	3.46	1.92	1.77	1.96	7.67	8.22	7.84	23.80	23.36	23.64	23.13
9-1	9-2	b	9-1x9-2b	1	1	1	1	11.5.2021	1	3.77	6.44	6.40	7.02	6.01	7.80	3.31	3.00	2.09	1.85	1.64	8.29	8.02	8.27	25.74	24.68	25.03	25.27
9-1	9-2	b	9-1x9-2b	1	1	1	2	18.5.2021	1	3.15	6.32	5.80	6.24	6.26	6.77	2.70	2.76	1.65	1.68	1.76	7.52	7.72	7.77	24.23	22.91	25.67	25.18
9-1	9-2	c	9-1x9-2c	1	1	1	1	12.5.2021	2	2.88	7.19	8.35	9.12	8.03	7.86	3.36	3.42	1.97	1.97	1.76	9.43	9.22	9.31	27.15	27.20	28.33	29.70
9-1	9-2	c	9-1x9-2c	1	1	1	2	18.5.2021	1	2.34	7.54	7.55	8.69	8.35	7.99	3.70	3.54	2.49	2.32	2.28	9.88	9.84	9.97	30.27	29.56	30.71	30.81
9-1	9-3	a	9-1x9-3a	1	1	1	1	8.4.2021	1	1.20	6.26	5.83	7.03	6.24	7.68	3.85	3.84	2.23	2.47	2.21	8.54	8.14	8.26	25.84	27.48	29.39	28.31
9-1	9-3	a	9-1x9-3a	1	1	1	2	22.4.2021	1	2.87	5.96	5.74	4.96	5.31	8.97	4.23	3.95	2.22	2.57	2.28	9.04	8.59	9.05	21.95	23.56	22.10	22.95
9-1	9-3	b	9-1x9-3b	1	1	1	1	5.5.2021	1	1.13	5.97	6.68	6.84	6.37	7.02	3.23	3.36	2.12	2.12	2.00	8.43	8.45	8.69	25.92	27.15	26.63	27.88
9-1	9-3	b	9-1x9-3b	1	1	1	2	7.5.2021	1	2.28	5.94	6.58	7.46	6.76	6.93	3.14	3.06	2.04	2.13	1.98	8.10	8.07	8.54	23.16	24.90	22.68	24.57
9-1	9-4	a	9-1x9-4a	1	1	1	1	11.5.2021	1	0.32	7.60	6.80	8.35	6.42	7.20	3.54	3.57	2.12	1.93	1.96	9.85	9.85	9.88	25.93	25.43	26.42	26.94
9-1	9-4	a	9-1x9-4a	1	1	1	2	24.5.2021	1	1.74	5.88	6.81	8.09	7.35	6.06	2.85	2.94	1.63	1.57	1.56	8.61	8.58	8.87	24.68	22.20	24.10	23.84
9-1	9-4	b	9-1x9-4b	1	1	1	1	26.4.2021	1	2.29	4.71	6.13	6.05	5.98	6.48	2.93	2.98	1.88	1.66	1.79	7.82	7.56	7.97	22.97	22.87	25.84	26.16
9-1	9-4	b	9-1x9-4b	1	1	1	2	5.5.2021	1	3.44	5.54	6.80	6.72	6.23	7.02	3.84	3.50	2.05	2.41	2.14	8.55	8.29	8.68	25.47	25.08	26.10	27.17
9-2	9-1	a	9-2x9-1a	1	1	1	1	9.4.2021	1	2.82	5.67	8.27	8.31	8.09	8.15	3.50	3.98	2.22	2.24	2.11	9.72	9.91	10.47	30.99	28.39	31.34	31.76
9-2	9-1	a	9-2x9-1a	1	1	1	2	6.5.2021	1	3.12	5.95	8.15	7.75	7.42	8.42	3.41	3.68	2.02	2.23	1.85	9.24	9.30	9.22	28.27	28.27	27.89	27.18
9-2	9-1	b	9-2x9-1b	1	1	1	1	28.3.2021	1	1.29	6.13	6.67	7.97	6.67	7.31	3.30	3.51	2.10	1.93	2.19	9.09	9.71	9.79	28.81	26.18	31.30	28.76
9-2	9-1	b	9-2x9-1b	1	1	1	2	3.5.2021	1	2.30	6.84	6.91	6.39	7.63	8.10	3.71	3.87	2.31	1.75	2.36	9.45	9.13	9.11	22.32	22.79	23.43	23.01
9-2	9-2	b	9-2x9-2b	1	1	1	1	11.5.2021	1	3.22	7.05	5.91	7.66	5.49	7.68	2.98	3.22	2.01	2.10	2.24	7.94	8.13	8.10	29.30	27.57	27.96	29.42
9-2	9-2	b	9-2x9-2b	1	1	1	2	24.5.2021	1	2.79	7.59	7.85	8.71	8.61	8.50	2.93	2.90	2.39	2.28	2.54	9.08	9.09	9.22	30.10	32.17	32.86	38.11
9-2	9-2	c	9-2x9-2c	1	1	1	1	26.4.2021	1	2.78	6.23	6.62	7.38	6.81	8.24	3.20	3.42	2.61	2.69	2.62	9.50	9.04	9.35	32.52	31.70	32.83	36.90
9-2	9-2	c	9-2x9-2c	1	1	1	2	3.5.2021	2	2.58	6.46	8.11	8.17	7.23	8.69	2.94	3.06	2.92	2.79	2.87	9.57	9.62	9.64	30.60	34.03	31.97	36.37
9-2	9-3	a	9-2x9-3a	1	1	1	1	6.5.2021	1	2.34	6.35	6.40	8.26	6.79	8.29	3.22	3.24	2.58	3.04	3.07	10.08	9.85	10.20	29.25	29.66	31.26	36.46
9-2	9-3	a	9-2x9-3a	1	1	1	2	24.5.2021	1	2.87	6.83	6.79	7.47	7.07	9.28	3.04	3.22	2.27	2.28	2.48	8.27	7.77	8.04	23.46	23.72	22.80	25.17
9-2	9-3	c	9-2x9-3c	1	1	1	1	12.5.2021	3	1.53	8.15	6.18	8.46	7.12	8.83	2.93	3.07	2.66	2.70	3.05	9.67	9.34	10.27	30.69	32.91	31.76	39.24
9-2	9-3	c	9-2x9-3c	1	1	1	2	13.5.2021	1	3.46	6.49	6.64	6.87	5.60	7.39	2.79	2.46	2.52	2.30	2.31	9.26	8.93	9.54	28.48	29.22	30.28	34.57
9-2	9-4	a	9-2x9-4a	1	1	1	1	21.4.2021	1	2.65	5.79	6.37	6.57	6.04	7.54	3.20	3.30	1.96	2.06	1.82	8.67	8.35	9.11	27.96	27.39	28.96	31.68
9-2	9-4	a	9-2x9-4a	1	1	1	2	11.5.2021	2	2.02	7.25	6.78	6.85	6.56	8.59	3.38	3.43	2.08	2.21	2.19	9.78	9.20	9.95	27.56	28.00	28.79	30.78
9-2	9-4	c	9-2x9-4c	1	1	1	1	13.5.2021	2	3.14	5.83	7.14	6.69	7.02	7.92	3.22	3.26	2.31	2.00	2.22	9.53	9.21	9.61	21.38	24.75	22.24	25.79
9-2	9-4	c	9-2x9-4c	1	1	1	2	17.5.2021	3	1.73	6.93	6.81	7.67	6.48	7.81	3.22	2.86	2.13	2.16	2.06	9.31	8.90	9.81	25.14	27.30	24.95	29.21
9-3	9-1	a	9-3x9-1a	1	1	1	1	26.4.2021	1	1.43	6.64	7.12	7.76	7.14	8.38	3.87	3.70	2.51	2.34	2.55	9.28	8.67	9.04	25.10	26.96	28.04	29.07
9-3	9-1	a	9-3x9-1a	1	1	1	2	7.5.2021	1	2.33	6.79	6.54	7.37	6.94	7.71	3.46	3.40	2.20	2.48	2.38	8.37	8.30	8.36	26.70	26.49	27.81	28.25
9-3	9-1	b	9-3x9-1b	1	1	1	1	21.4.2021	1	2.33	7.31	8.70	8.19	7.90	9.97	4.46	4.32	2.41	1.95	2.30	9.81	9.56	9.68	27.11	28.21	26.69	29.40
9-3	9-1	b	9-3x9-1b	1	1	1	2	28.4.2021	1	2.04	6.90	7.53	8.17	6.92	8.57	3.57	3.72	2.12	2.03	2.12	9.15	9.54	9.01	29.77	28.69	29.93	32.07
9-3	9-2	b	9-3x9-2b	1	1	1	1	25.3.2021	1	0.56	5.21	6.62	7.45	6.69	8.65	3.67	3.77	2.83	2.79	2.45	9.09	9.25	9.12	29.85	32.76	32.28	36.92
9-3	9-2	b	9-3x9-2b	1	1	1	2	7.5.2021	1	2.92	5.44	5.82	6.96	6.55	7.82	2.63	3.44	3.03	2.69	2.78	8.65	8.86	8.98	24.72	26.18	26.68	28.79
9-3	9-2	c	9-3x9-2c	1	1	1	1	7.5.2021	1	3.20	6.61	6.63	7.64	6.52	7.73	2.86	3.00	2.42	2.40	2.37	8.68	9.14	9.00	29.92	32.10	31.22	36.50
9-3	9-2	c	9-3x9-2c	1	1	1	2	13.5.2021	1	4.40	6.01	4.82	7.53	4.74	8.10	2.69	2.83	2.15	1.97	2.02	7.40	7.26	7.40	24.68	28.10	24.34	28.12
9-3	9-3	a	9-3x9-3a	1	1	1	1	7.5.2021	2	2.80	5.76	5.77	6.49	5.34	8.21	3.81	3.53	2.73	2.81	2.60	7.83	7.58	7.95	24.65	26.73	25.07	28.69
9-3	9-3	b	9-3x9-3b	1	1	1	1	31.3.2021	1	0.83	5.65	5.04	6.65	5.95	7.02	2.63	2.92	2.49	2.48	2.42	8.65	8.55	8.42	29.95	31.44	33.37	34.42
9-3	9-3	b	9-3x9-3b	1	1	1	2	4.4.2021	1	1.63	4.95	5.50	5.39	6.77	7.63	2.93	3.22	2.64	2.45	2.77	8.91	8.66	8.52	28.54	29.84	26.74	32.02
9-3	9-3	c	9-3x9-3c	1	1	1	1	3.5.2021	1	1.54	7.09	5.90	7.48	5.19	7.57	3.22	3.06	2.83	2.84	2.74	8.94	8.54	9.02	26.90	31.19	30.44	38.02
9-3	9-3	c	9-3x9-3c	1	1	1	2	5.5.2021	1	1.24	5.69	5.89	7.13	5.94	7.61	3.16	3.15	2.63	2.78	2.50	9.08	8.76	9.01	29.33	33.39	30.51	35.71
9-3	9-4	a	9-3x9-4a	1	1	1	1	23.4.2021	1	0.39	6.47	7.45	6.75	6.78	6.90	2.72	2.89	2.24	2.37	2.11	10.10	9.12	9.30	26.59	27.81	26.99	31.26
9-3	9-4	a	9-3x9-4a	1	1	1	2	11.5.2021	2	2.18	7.37	5.66	7.00	5.44	7.23	2.71	2.73	1.93	2.05	2.03	8.73	8.37	8.33	24.18	26.64	23.21	27.09
9-3	9-4	c	9-3x9-4c	1	1	1	1	19.4.2021	2	2.60	6.90	6.66	6.48	6.96	8.73	4.03	4.12	2.25	2.00	2.25	9.55	8.91	9.56	26.08	27.41	26.90	29.22
9-3	9-4	c	9-3x9-4c	1	1	1	2	26.4.2021	1	1.46	6.17	5.10	6.86	5.71	9.12	3.42	3.28	2.58	2.34	2.30	10.09	9.35	9.84	24.14	27.13	24.21	28.36
9-4	9-1	a	9-4x9-1a	1	1	1	1	29.3.2021	2	1.36	6.39	6.56	6.45	6.89	6.84	3.73	3.49	2.32	2.38	2.07	8.63	8.17	8.69	25.70	25.55	27.37	24.16
9-4	9-1	a	9-4x9-1a	1	1	1	2	4.4.2021	1	1.59	5.07	6.28	7.65	6.69	6.05	3.46	3.31	2.06	2.21	2.18	8.13	7.86	8.12	23.79	20.82	24.61	22.53
9-4	9-1	b	9-4x9-1b	1	1	1	1	19.4.2021	1	0.56	5.98	7.35	7.43	6.39	6.35	3.36	3.29	1.90	1.89	2.01	9.55	9.26	9.14	28.32	25.13	29.88	29.55
9-4	9-1	b	9-4x9-1b	1	1	1	2	28.4.2021	1	2.90	6.24	5.70	6.89	6.39	6.90	3.29	3.20	2.35	2.39	2.05	8.50	8.20	8.22	21.05	19.92	22.55	21.57
9-4	9-2	b	9-4x9-2b	1	1	1	1	29.3.2021	1	1.01	6.65	6.43	6.72	6.61	7.91	3.49	3.30	1.82	2.14	1.97	9.68	9.26	9.59	31.47	33.27	33.23	34.14
9-4	9-2	b	9-4x9-2b	1	1	1	2	6.4.2021	1	1.60	6.86	7.01	7.41	6.76	8.62	3.33	3.46	2.66	2.69	2.35	10.29	9.67	10.10	33.67	32.73	35.07	37.32
9-4	9-3	c	9-4x9-3c	1	1	1	1	31.5.2021	1	1.97	6.12	7.95	9.16	7.66	6.75	2.87	3.17	2.10	2.14	2.09	9.33	8.81	9.30	25.02	26.72	26.91	31.66
9-4	9-3	c	9-4x9-3c	1	1	1	2	7.6.2021	1	1.15	5.93	6.05	7.40	5.97	6.72	2.59	2.68	2.06	2.27	2.06	8.40	8.09	8.09	22.43	24.77	22.60	24.22
9-4	9-4	a	9-4x9-4a	1	1	1	1	5.5.2021	1	1.76	5.40	5.34	5.80	5.98	7.14	2.99	3.05	1.69	1.75	1.70	8.11	7.85	8.68	20.50	20.71	17.72	20.70
9-4	9-4	b	9-4x9-4b	1	1	1	1	27.4.2021	1	1.20	5.62	7.15	7.85	7.30	7.59	3.13	3.21	2.08	2.12	1.99	9.66	9.36	9.84	29.96	29.01	32.59	34.71
9-4	9-4	b	9-4x9-4b	1	1	1	2	18.5.2021	1	1.73	6.18	6.07	6.52	5.84	7.35	3.05	2.92	2.00	2.13	1.95	8.79	8.41	8.85	20.86	21.64	20.56	23.47
10-1	10-1	a	10-1x10-1a	1	1	1	1	29.4.2021	1	3.23	6.41	8.31	7.87	7.95	7.49	3.66	3.54	2.12	1.88	2.00	9.73	9.36	9.41	29.91	25.81	29.87	27.68
10-1	10-1	a	10-1x10-1a	1	1	1	2	11.5.2021	1	3.53	6.73	6.70	8.77	6.17	7.34	3.27	3.37	1.50	1.60	1.42	8.11	8.29	7.76	28.54	26.49	30.04	26.01
10-1	10-1	b	10-1x10-1b	1	1	1	1	30.3.2021	1	2.79	6.36	7.72	7.82	7.23	7.63	3.77	3.96	1.93	2.05	1.81	8.92	9.04	8.66	25.89	22.86	27.50	23.62
10-1	10-1	b	10-1x10-1b	1	1	1	2	1.4.2021	1	2.50	7.00	8.32	8.42	7.49	7.67	3.90	4.12	1.66	1.79	1.81	9.20	9.08	9.07	25.94	23.77	26.30	22.81
10-1	10-1	c	10-1x10-1c	1	1	1	1	21.4.2021	1	4.11	5.55	8.39	8.47	7.83	7.59	4.01	4.00	1.51	1.79	1.81	8.98	8.79	8.82	25.72	23.17	26.38	22.36
10-1	10-1	c	10-1x10-1c	1	1	1	2	30.4.2021	1	5.06	6.68	6.13	7.27	6.25	7.48	3.60	3.61	1.84	1.59	1.50	7.53	7.36	7.48	25.02	20.71	26.33	21.45
10-1	10-2	a	10-1x10-2a	1	1	1	1	21.4.2021	1	2.16	5.90	8.92	9.45	8.52	8.12	3.35	3.38	1.81	1.85	1.73	10.67	10.30	10.26	28.13	27.85	28.94	29.55
10-1	10-2	a	10-1x10-2a	1	1	1	2	22.4.2021	1	1.65	6.66	8.85	9.73	9.12	7.96	3.54	3.44	2.04	1.90	1.73	10.15	10.29	10.36	31.01	28.20	32.84	33.35
10-1	10-2	b	10-1x10-2b	1	1	1	1	26.4.2021	1	0.31	7.36	8.71	9.67	8.51	7.75	3.32	3.36	2.38	2.10	2.41	10.54	10.85	10.96	32.00	31.08	32.81	33.65
10-1	10-2	b	10-1x10-2b	1	1	1	2	28.4.2021	1	1.07	6.17	8.24	8.94	8.81	7.93	2.81	3.34	2.29	2.31	2.09	9.88	9.90	10.02	31.43	31.46	32.32	34.34
10-1	10-3	a	10-1x10-3a	1	1	1	1	26.3.2021	1	0.38	6.38	8.18	7.70	7.00	8.03	4.20	4.07	2.14	2.11	1.90	10.27	10.16	10.26	27.86	26.96	28.75	26.71
10-1	10-3	a	10-1x10-3a	1	1	1	2	29.4.2021	1	3.56	6.88	7.56	7.43	7.55	7.93	3.85	3.89	2.04	2.22	2.03	9.56	9.21	9.40	29.09	26.37	30.93	28.37
10-1	10-3	b	10-1x10-3b	1	1	1	1	23.4.2021	1	2.16	5.65	8.27	8.20	7.97	7.69	3.45	3.75	1.77	1.90	1.88	9.48	9.37	9.58	30.22	26.40	32.15	29.88
10-1	10-3	b	10-1x10-3b	1	1	1	2	6.5.2021	1	1.67	6.73	8.14	8.94	8.82	8.04	4.23	4.20	2.16	2.20	2.16	9.99	10.04	9.91	30.77	28.22	33.54	31.26
10-1	10-4	b	10-1x10-4b	1	1	1	1	9.3.2021	1	2.23	5.53	5.66	6.23	5.36	6.00	2.36	2.34	1.96	1.88	1.59	7.83	7.75	7.87	23.32	24.34	25.63	27.34
10-1	10-4	b	10-1x10-4b	1	1	1	2	9.4.2021	1	1.79	6.78	7.07	7.45	7.24	7.81	3.46	3.56	1.90	2.06	1.97	9.25	8.97	9.21	28.14	25.98	28.21	28.19
10-1	10-4	c	10-1x10-4c	1	1	1	1	8.4.2021	1	2.80	5.55	7.03	8.34	7.52	7.14	3.07	3.20	1.99	2.08	1.87	9.70	9.42	9.61	26.18	24.82	26.57	24.35
10-1	10-4	c	10-1x10-4c	1	1	1	2	10.4.2021	1	3.44	6.08	7.59	8.34	7.94	8.54	3.90	3.58	1.96	1.94	1.77	9.68	9.49	9.73	26.97	25.77	26.95	26.26
10-2	10-1	a	10-2x10-1a	1	1	1	1	1.4.2021	1	1.26	7.08	7.39	8.22	6.77	7.40	3.80	3.60	1.57	1.74	1.85	9.61	9.13	8.96	29.87	27.97	31.85	30.79
10-2	10-1	a	10-2x10-1a	1	1	1	2	4.4.2021	1	2.77	6.08	6.86	8.09	7.49	7.59	3.06	3.26	1.54	1.62	1.42	8.52	8.77	8.95	27.61	25.46	30.68	26.96
10-2	10-1	b	10-2x10-1b	1	1	1	1	27.4.2021	2	4.48	7.51	8.52	9.90	8.84	9.34	4.06	4.08	2.05	2.02	2.09	10.51	9.97	10.53	30.72	28.76	31.41	28.75
10-2	10-1	b	10-2x10-1b	1	1	1	2	28.4.2021	1	2.76	7.63	7.49	9.13	7.79	8.99	4.07	3.87	2.04	1.72	1.85	9.38	9.56	9.91	28.37	26.93	27.45	28.62
10-2	10-2	b	10-2x10-2b	1	1	1	1	18.3.2021	1	1.99	5.70	3.72	5.05	4.52	5.69	1.97	2.73	2.34	2.36	2.32	7.95	8.28	8.32	28.54	30.18	29.78	34.69
10-2	10-2	b	10-2x10-2b	1	1	1	2	22.4.2021	1	2.87	7.51	7.68	7.73	7.56	9.10	4.03	4.01	2.02	2.63	2.25	9.92	9.70	9.85	32.96	32.36	36.10	42.93
10-2	10-2	c	10-2x10-2c	1	1	1	1	5.5.2021	1	2.47	7.12	6.53	7.08	5.50	7.60	2.43	2.61	2.31	2.32	2.23	8.85	8.64	8.73	30.70	34.17	33.02	36.46
10-2	10-2	c	10-2x10-2c	1	1	1	2	7.5.2021	1	3.29	7.12	4.95	6.66	5.04	7.43	2.56	2.66	2.04	2.13	2.20	7.96	8.13	7.90	29.36	29.94	30.32	34.53
10-2	10-3	b	10-2x10-3b	1	1	1	1	6.4.2021	1	0.00	5.86	6.80	7.26	6.15	7.86	2.61	3.19	2.37	2.32	2.37	9.99	9.86	9.89	27.76	27.88	31.97	30.18
10-2	10-3	b	10-2x10-3b	1	1	1	2	13.4.2021	1	0.00	6.38	7.20	7.43	7.10	8.75	3.72	3.60	2.42	2.84	2.37	10.36	10.50	10.17	28.01	27.90	29.54	29.78
10-2	10-3	c	10-2x10-3c	1	1	1	1	9.4.2021	1	4.30	5.25	6.48	6.88	6.40	8.60	3.73	3.87	1.97	2.18	1.96	9.73	9.27	9.24	27.80	25.43	27.36	25.66
10-2	10-3	c	10-2x10-3c	1	1	1	2	28.4.2021	1	3.18	6.97	4.62	5.20	4.87	8.08	3.45	3.23	2.00	1.99	1.77	7.25	7.11	7.35	20.63	18.66	20.24	20.71
10-2	10-4	b	10-2x10-4b	1	1	1	1	26.3.2021	1	2.42	5.61	5.06	4.81	4.22	6.94	3.14	2.85	2.23	2.08	2.14	7.99	8.07	7.86	25.99	28.96	28.60	32.25
10-2	10-4	b	10-2x10-4b	1	1	1	2	1.4.2021	1	1.89	5.97	6.40	6.95	6.75	7.02	3.00	2.91	2.22	2.42	2.08	9.01	8.91	9.26	23.08	22.87	25.36	27.54
10-2	10-4	c	10-2x10-4c	1	1	1	1	11.4.2021	1	2.71	6.48	5.00	6.08	5.95	8.68	3.41	3.61	2.45	2.60	2.28	8.76	9.03	8.36	30.09	31.42	30.29	32.61
10-2	10-4	c	10-2x10-4c	1	1	1	2	13.4.2021	1	3.85	5.96	3.84	5.37	4.55	7.03	2.59	2.95	2.03	1.88	2.02	6.59	6.35	6.66	19.68	20.49	20.56	22.06
10-3	10-1	a	10-3x10-1a	1	1	1	1	6.4.2021	1	1.89	5.58	6.33	6.36	5.31	6.43	3.14	3.15	1.92	1.86	1.62	7.98	8.04	7.88	27.25	25.27	28.35	25.05
10-3	10-1	a	10-3x10-1a	1	1	1	2	23.4.2021	1	2.39	6.70	7.45	7.36	6.75	7.56	3.34	3.41	2.09	2.05	1.99	8.54	8.59	8.58	27.00	25.12	29.29	26.99
10-3	10-1	c	10-3x10-1c	1	1	1	1	9.3.2021	1	4.27	6.10	6.41	7.29	6.27	6.20	3.26	3.46	1.41	1.33	1.42	7.86	7.52	7.42	22.54	21.14	24.89	22.10
10-3	10-1	c	10-3x10-1c	1	1	1	2	29.3.2021	1	2.06	7.18	6.39	7.13	6.82	7.01	3.39	3.32	1.67	1.93	2.06	8.66	8.64	9.08	26.67	25.54	30.17	27.68
10-3	10-2	b	10-3x10-2b	1	1	1	1	29.4.2021	1	1.96	7.44	6.46	7.04	6.44	9.09	3.51	3.56	2.43	2.64	2.41	9.67	9.22	9.49	26.78	26.49	25.99	27.09
10-3	10-2	b	10-3x10-2b	1	1	1	2	13.5.2021	1	3.04	7.23	7.98	8.91	7.25	7.90	3.43	3.35	2.29	2.59	2.30	10.04	9.67	10.23	26.54	27.18	28.50	28.83
10-3	10-2	c	10-3x10-2c	1	1	1	1	18.5.2021	1	2.18	6.47	7.34	8.13	7.67	8.13	3.24	3.49	2.42	2.26	2.17	9.48	9.39	9.34	24.08	25.36	23.75	25.64
10-3	10-2	c	10-3x10-2c	1	1	1	2	8.6.2021	1	1.86	6.79	8.38	8.67	8.58	7.63	3.20	3.13	2.25	1.92	2.05	9.79	9.55	9.71	25.59	27.13	26.84	27.80
10-3	10-3	a	10-3x10-3a	1	1	1	1	11.3.2021	1	2.63	4.05	4.52	6.14	4.68	5.63	2.85	2.67	1.42	1.76	1.47	6.48	6.70	6.37	26.65	26.21	30.08	28.40
10-3	10-3	a	10-3x10-3a	1	1	1	2	18.3.2021	1	2.84	4.64	6.32	7.27	6.81	6.07	3.16	2.85	1.73	1.88	1.76	8.30	8.20	8.29	27.68	25.49	32.67	32.26
10-3	10-4	a	10-3x10-4a	1	1	1	1	11.4.2021	1	1.88	6.73	5.67	6.33	6.15	8.37	3.79	3.90	2.41	2.37	2.25	8.97	8.76	9.29	25.60	25.26	27.34	28.68
10-3	10-4	a	10-3x10-4a	1	1	1	2	20.5.2021	1	3.36	6.21	6.69	7.50	6.94	7.38	3.01	3.04	2.01	2.03	1.87	8.51	8.14	8.63	27.58	25.55	27.18	27.76
10-3	10-4	c	10-3x10-4c	1	1	1	1	28.3.2021	1	2.33	5.46	3.93	4.11	4.73	6.86	2.91	2.72	1.69	1.83	1.98	7.03	6.87	7.18	25.42	23.93	26.58	24.82
10-3	10-4	c	10-3x10-4c	1	1	1	2	13.4.2021	2	3.12	6.11	6.49	7.33	6.22	7.20	3.29	3.46	2.17	2.24	1.98	8.75	8.83	8.99	28.98	25.26	30.30	28.04
10-4	10-1	b	10-4x10-1b	1	1	1	1	30.3.2021	1	1.72	6.16	7.24	7.57	7.22	8.06	3.56	3.77	1.99	2.11	1.98	10.15	9.66	10.02	25.70	25.12	26.65	25.61
10-4	10-1	b	10-4x10-1b	1	1	1	2	11.4.2021	1	2.75	7.49	7.48	7.04	7.86	8.86	3.59	3.74	2.08	2.09	2.12	9.95	9.48	9.87	24.38	24.80	25.65	25.92
10-4	10-1	c	10-4x10-1c	1	1	1	1	20.3.2021	1	1.33	6.63	8.24	8.09	7.96	8.50	3.89	3.77	2.11	2.17	2.00	10.28	9.98	10.25	25.70	25.36	31.19	29.99
10-4	10-1	c	10-4x10-1c	1	1	1	2	28.3.2021	1	2.66	5.92	7.23	8.13	7.72	8.04	3.55	3.58	2.21	2.48	2.02	9.64	9.36	9.62	27.10	26.32	28.93	27.51
10-4	10-2	a	10-4x10-2a	1	1	1	1	10.4.2021	1	2.98	6.73	5.82	6.76	6.28	8.60	3.24	3.29	2.36	2.86	2.38	9.31	8.64	9.28	32.45	33.76	34.46	37.75
10-4	10-2	a	10-4x10-2a	1	1	1	2	26.4.2021	1	3.40	6.83	6.04	6.57	5.36	8.19	2.85	3.00	2.08	2.12	2.35	8.41	8.17	9.01	29.93	32.20	34.16	36.83
10-4	10-2	c	10-4x10-2c	1	1	1	1	22.3.2021	1	2.29	5.48	6.00	7.38	6.80	8.03	3.15	3.35	2.45	2.42	2.66	9.55	9.61	9.60	28.94	29.25	31.25	34.22
10-4	10-2	c	10-4x10-2c	1	1	1	2	21.4.2021	1	3.83	6.13	5.93	6.67	6.98	9.17	3.29	3.45	2.33	2.27	2.43	8.85	8.59	9.16	28.61	28.28	27.68	31.98
10-4	10-3	c	10-4x10-3c	1	1	1	1	14.4.2021	1	1.49	6.81	7.47	8.56	7.23	8.63	3.88	3.84	2.52	2.63	2.36	10.37	9.82	9.77	28.90	27.90	31.52	32.35
10-4	10-3	c	10-4x10-3c	1	1	1	2	7.5.2021	1	1.67	6.52	6.55	7.82	6.69	6.77	2.60	2.62	2.04	2.25	1.66	8.27	8.31	8.34	28.62	25.38	29.79	30.28
10-4	10-4	a	10-4x10-4a	1	1	1	1	11.4.2021	1	3.67	6.51	6.67	7.74	6.52	7.97	3.18	3.18	2.16	2.67	2.40	9.83	9.03	9.01	33.53	33.74	38.18	42.35
10-4	10-4	a	10-4x10-4a	1	1	1	2	20.4.2021	1	3.97	5.40	7.32	6.78	6.32	8.75	3.60	3.51	2.80	3.06	2.74	9.99	9.27	9.94	29.51	31.65	31.84	36.11
10-4	10-4	b	10-4x10-4b	1	1	1	1	3.5.2021	1	2.01	6.14	7.29	8.02	7.15	8.00	2.80	2.77	2.11	2.38	2.05	9.91	9.47	9.48	31.02	31.21	33.94	36.67
10-4	10-4	b	10-4x10-4b	1	1	1	2	13.5.2021	3	4.37	5.71	5.72	5.95	5.70	8.28	3.09	3.14	2.00	2.14	1.92	8.72	8.32	8.37	24.74	27.01	26.44	27.48
10-4	10-4	c	10-4x10-4c	1	1	1	1	28.4.2021	1	3.81	4.93	6.46	5.44	5.33	7.68	2.29	2.49	2.23	2.39	2.34	8.47	7.79	8.25	21.74	23.27	25.79	27.17
10-4	10-4	c	10-4x10-4c	1	1	1	2	30.4.2021	1	3.43	5.65	6.05	7.02	5.76	7.25	2.87	3.16	2.10	2.44	2.16	9.23	8.73	8.42	28.40	29.03	29.80	36.59
